1 ; 0.032339 ; 0.000002 ; 162.000000
2 ; 2.840123 ; 0.000002 ; 162.000000
3 ; 5.379800 ; 0.000002 ; 162.000000
4 ; 7.739078 ; 0.000002 ; 162.000000
5 ; 10.380824 ; 0.000001 ; 161.000000
6 ; 12.918607 ; 0.000001 ; 161.000000
7 ; 15.581751 ; 0.000002 ; 161.000000
8 ; 18.137894 ; 0.000002 ; 161.000000
9 ; 20.544785 ; 0.000002 ; 160.000000
10 ; 23.191749 ; 0.000001 ; 160.000000
11 ; 25.754647 ; 0.000002 ; 160.000000
12 ; 28.402799 ; 0.000001 ; 159.000000
13 ; 30.945090 ; 0.000002 ; 159.000000
14 ; 33.589910 ; 0.000001 ; 159.000000
15 ; 35.980674 ; 0.000002 ; 158.000000
16 ; 38.574997 ; 0.000001 ; 158.000000
17 ; 41.191158 ; 0.000001 ; 157.000000
18 ; 43.754176 ; 0.000002 ; 157.000000
19 ; 46.379123 ; 0.000002 ; 157.000000
20 ; 48.902517 ; 0.000001 ; 156.000000
21 ; 51.293149 ; 0.000001 ; 156.000000
22 ; 53.972925 ; 0.000001 ; 156.000000
23 ; 56.495916 ; 0.000001 ; 155.000000
24 ; 59.308833 ; 0.000001 ; 155.000000
25 ; 61.980730 ; 0.000001 ; 154.000000
26 ; 64.543935 ; 0.000001 ; 154.000000
27 ; 67.191786 ; 0.000001 ; 154.000000
28 ; 69.777319 ; 0.000002 ; 153.000000
29 ; 72.176802 ; 0.000001 ; 153.000000
30 ; 74.886957 ; 0.000001 ; 152.000000
31 ; 77.582571 ; 0.000001 ; 152.000000
32 ; 80.370766 ; 0.000001 ; 151.000000
33 ; 82.878961 ; 0.000001 ; 151.000000
34 ; 85.316489 ; 0.000001 ; 151.000000
35 ; 87.987785 ; 0.000001 ; 150.000000
36 ; 90.495393 ; 0.000001 ; 150.000000
37 ; 93.199040 ; 0.000001 ; 149.000000
38 ; 95.694741 ; 0.000001 ; 149.000000
39 ; 98.113351 ; 0.000001 ; 149.000000
40 ; 100.909924 ; 0.000001 ; 148.000000
41 ; 103.332106 ; 0.000001 ; 148.000000
42 ; 105.987857 ; 0.000001 ; 147.000000
43 ; 108.566038 ; 0.000001 ; 147.000000
44 ; 110.964319 ; 0.000001 ; 147.000000
45 ; 113.581479 ; 0.000001 ; 146.000000
46 ; 116.152451 ; 0.000001 ; 146.000000
47 ; 118.769515 ; 0.000001 ; 146.000000
48 ; 121.347022 ; 0.000001 ; 145.000000
49 ; 123.987845 ; 0.000001 ; 145.000000
50 ; 126.472263 ; 0.000001 ; 144.000000
51 ; 128.942256 ; 0.000001 ; 144.000000
52 ; 131.566694 ; 0.000001 ; 144.000000
53 ; 134.128374 ; 0.000001 ; 143.000000
54 ; 136.745559 ; 0.000001 ; 143.000000
55 ; 139.292383 ; 0.000001 ; 142.000000
56 ; 141.956853 ; 0.000001 ; 142.000000
57 ; 144.513355 ; 0.000001 ; 142.000000
58 ; 146.886501 ; 0.000001 ; 141.000000
59 ; 149.597272 ; 0.000001 ; 141.000000
60 ; 152.151621 ; 0.000001 ; 140.000000
61 ; 154.762053 ; 0.000001 ; 140.000000
62 ; 157.340997 ; 0.000001 ; 140.000000
63 ; 159.683202 ; 0.000001 ; 139.000000
64 ; 162.542219 ; 0.000001 ; 139.000000
65 ; 164.878302 ; 0.000001 ; 139.000000
66 ; 167.597329 ; 0.000001 ; 138.000000
67 ; 170.092847 ; 0.000001 ; 138.000000
68 ; 172.784225 ; 0.000001 ; 138.000000
69 ; 175.284807 ; 0.000001 ; 137.000000
70 ; 177.715010 ; 0.000001 ; 137.000000
71 ; 180.340220 ; 0.000001 ; 136.000000
72 ; 182.893440 ; 0.000001 ; 136.000000
73 ; 185.534259 ; 0.000001 ; 136.000000
74 ; 188.097264 ; 0.000001 ; 135.000000
75 ; 190.487726 ; 0.000001 ; 135.000000
76 ; 193.168981 ; 0.000001 ; 135.000000
77 ; 195.730002 ; 0.000001 ; 134.000000
78 ; 198.370581 ; 0.000001 ; 134.000000
79 ; 200.940284 ; 0.000001 ; 134.000000
80 ; 203.307801 ; 0.000001 ; 133.000000
81 ; 205.979994 ; 0.000001 ; 133.000000
82 ; 208.557888 ; 0.000001 ; 133.000000
83 ; 211.167510 ; 0.000001 ; 133.000000
84 ; 213.698319 ; 0.000001 ; 132.000000
85 ; 216.338677 ; 0.000001 ; 132.000000
86 ; 218.909623 ; 0.000001 ; 132.000000
87 ; 221.284057 ; 0.000001 ; 131.000000
88 ; 223.971892 ; 0.000001 ; 131.000000
89 ; 226.737140 ; 0.000001 ; 130.000000
90 ; 229.291367 ; 0.000001 ; 130.000000
91 ; 232.347110 ; 0.000001 ; 130.000000
92 ; 234.893554 ; 0.000001 ; 129.000000
93 ; 237.362297 ; 0.000001 ; 129.000000
94 ; 239.940615 ; 0.000001 ; 129.000000
95 ; 242.479685 ; 0.000001 ; 128.000000
96 ; 245.159495 ; 0.000001 ; 128.000000
97 ; 247.744872 ; 0.000001 ; 128.000000
98 ; 250.479125 ; 0.000001 ; 127.000000
99 ; 253.167035 ; 0.000001 ; 127.000000
100 ; 255.744963 ; 0.000001 ; 127.000000
101 ; 258.354891 ; 0.000001 ; 127.000000
102 ; 260.895325 ; 0.000001 ; 126.000000
103 ; 263.330942 ; 0.000001 ; 126.000000
104 ; 265.939879 ; 0.000001 ; 126.000000
105 ; 268.478851 ; 0.000001 ; 125.000000
106 ; 271.143427 ; 0.000001 ; 125.000000
107 ; 273.677817 ; 0.000001 ; 125.000000
108 ; 276.338645 ; 0.000001 ; 124.000000
109 ; 278.877571 ; 0.000001 ; 124.000000
110 ; 281.307239 ; 0.000001 ; 124.000000
111 ; 283.955346 ; 0.000001 ; 123.000000
112 ; 286.549933 ; 0.000001 ; 123.000000
113 ; 289.175744 ; 0.000001 ; 123.000000
114 ; 291.713486 ; 0.000001 ; 123.000000
115 ; 294.080409 ; 0.000001 ; 122.000000
116 ; 296.752457 ; 0.000001 ; 122.000000
117 ; 299.557492 ; 0.000001 ; 122.000000
118 ; 302.074353 ; 0.000001 ; 121.000000
119 ; 304.869995 ; 0.000001 ; 121.000000
120 ; 307.331233 ; 0.000001 ; 121.000000
121 ; 310.065273 ; 0.000001 ; 120.000000
122 ; 312.878824 ; 0.000001 ; 120.000000
123 ; 315.283160 ; 0.000001 ; 120.000000
124 ; 317.932792 ; 0.000001 ; 120.000000
125 ; 320.439971 ; 0.000001 ; 120.000000
126 ; 323.127779 ; 0.000001 ; 119.000000
127 ; 325.721489 ; 0.000001 ; 119.000000
128 ; 328.080810 ; 0.000001 ; 119.000000
129 ; 330.714025 ; 0.000001 ; 118.000000
130 ; 333.354087 ; 0.000001 ; 118.000000
131 ; 335.947210 ; 0.000001 ; 118.000000
132 ; 338.471277 ; 0.000001 ; 118.000000
133 ; 340.900871 ; 0.000001 ; 117.000000
134 ; 343.533794 ; 0.000001 ; 117.000000
135 ; 346.333734 ; 0.000001 ; 117.000000
136 ; 348.924543 ; 0.000001 ; 116.000000
137 ; 351.682445 ; 0.000001 ; 116.000000
138 ; 354.095784 ; 0.000001 ; 116.000000
139 ; 356.697937 ; 0.000001 ; 116.000000
140 ; 359.291530 ; 0.000001 ; 115.000000
141 ; 361.877502 ; 0.000001 ; 115.000000
142 ; 364.486612 ; 0.000001 ; 115.000000
143 ; 366.830085 ; 0.000001 ; 115.000000
144 ; 369.277063 ; 0.000001 ; 114.000000
145 ; 371.697774 ; 0.000001 ; 114.000000
146 ; 374.332289 ; 0.000001 ; 114.000000
147 ; 376.908316 ; 0.000001 ; 114.000000
148 ; 379.486756 ; 0.000001 ; 113.000000
149 ; 382.075316 ; 0.000001 ; 113.000000
150 ; 384.717923 ; 0.000001 ; 113.000000
151 ; 387.322384 ; 0.000001 ; 113.000000
152 ; 389.665760 ; 0.000001 ; 112.000000
153 ; 392.300009 ; 0.000001 ; 112.000000
154 ; 394.821896 ; 0.000001 ; 112.000000
155 ; 397.478772 ; 0.000001 ; 112.000000
156 ; 400.303323 ; 0.000001 ; 111.000000
157 ; 402.838148 ; 0.000001 ; 111.000000
158 ; 405.478292 ; 0.000001 ; 111.000000
159 ; 408.197670 ; 0.000001 ; 111.000000
160 ; 410.440668 ; 0.000001 ; 111.000000
161 ; 412.892652 ; 0.000001 ; 111.000000
162 ; 415.290681 ; 0.000001 ; 110.000000
163 ; 417.908695 ; 0.000001 ; 110.000000
164 ; 420.503856 ; 0.000001 ; 110.000000
165 ; 423.103706 ; 0.000001 ; 110.000000
166 ; 425.629881 ; 0.000001 ; 109.000000
167 ; 428.307070 ; 0.000001 ; 109.000000
168 ; 430.900366 ; 0.000001 ; 109.000000
169 ; 433.228117 ; 0.000001 ; 109.000000
170 ; 435.901568 ; 0.000001 ; 108.000000
171 ; 438.689673 ; 0.000001 ; 108.000000
172 ; 441.259890 ; 0.000001 ; 108.000000
173 ; 444.034502 ; 0.000001 ; 108.000000
174 ; 446.408465 ; 0.000001 ; 107.000000
175 ; 449.096392 ; 0.000001 ; 107.000000
176 ; 451.658019 ; 0.000001 ; 107.000000
177 ; 454.307802 ; 0.000001 ; 107.000000
178 ; 456.907914 ; 0.000001 ; 107.000000
179 ; 459.323844 ; 0.000001 ; 106.000000
180 ; 461.947035 ; 0.000001 ; 106.000000
181 ; 464.509973 ; 0.000001 ; 106.000000
182 ; 467.083327 ; 0.000001 ; 106.000000
183 ; 469.689750 ; 0.000001 ; 105.000000
184 ; 472.032888 ; 0.000001 ; 105.000000
185 ; 474.815336 ; 0.000001 ; 105.000000
186 ; 477.227799 ; 0.000001 ; 105.000000
187 ; 479.916664 ; 0.000001 ; 105.000000
188 ; 482.462116 ; 0.000001 ; 104.000000
189 ; 485.088258 ; 0.000001 ; 104.000000
190 ; 487.876887 ; 0.000001 ; 104.000000
191 ; 490.704726 ; 0.000001 ; 104.000000
192 ; 493.238005 ; 0.000001 ; 103.000000
193 ; 495.884716 ; 0.000001 ; 103.000000
194 ; 498.415501 ; 0.000001 ; 103.000000
195 ; 501.095036 ; 0.000001 ; 103.000000
196 ; 503.681153 ; 0.000001 ; 103.000000
197 ; 506.074879 ; 0.000001 ; 102.000000
198 ; 508.673400 ; 0.000001 ; 102.000000
199 ; 511.221442 ; 0.000000 ; 102.000000
200 ; 513.926487 ; 0.000001 ; 102.000000
201 ; 516.690491 ; 0.000001 ; 102.000000
202 ; 519.255225 ; 0.000001 ; 102.000000
203 ; 521.885173 ; 0.000001 ; 101.000000
204 ; 524.486043 ; 0.000001 ; 101.000000
205 ; 527.173778 ; 0.000001 ; 101.000000
206 ; 529.852716 ; 0.000001 ; 101.000000
207 ; 532.439440 ; 0.000001 ; 101.000000
208 ; 535.080820 ; 0.000001 ; 100.000000
209 ; 537.869631 ; 0.000001 ; 100.000000
210 ; 540.665365 ; 0.000001 ; 100.000000
211 ; 543.227744 ; 0.000001 ; 100.000000
212 ; 545.883724 ; 0.000001 ; 100.000000
213 ; 548.415627 ; 0.000001 ; 99.000000
214 ; 551.102502 ; 0.000001 ; 99.000000
215 ; 553.656904 ; 0.000001 ; 99.000000
216 ; 556.267680 ; 0.000001 ; 99.000000
217 ; 558.844816 ; 0.000001 ; 99.000000
218 ; 561.290117 ; 0.000001 ; 98.000000
219 ; 563.860380 ; 0.000001 ; 98.000000
220 ; 566.408703 ; 0.000000 ; 98.000000
221 ; 569.087669 ; 0.000001 ; 98.000000
222 ; 571.595744 ; 0.000001 ; 98.000000
223 ; 574.024397 ; 0.000001 ; 98.000000
224 ; 576.790101 ; 0.000001 ; 97.000000
225 ; 579.259212 ; 0.000001 ; 97.000000
226 ; 581.879253 ; 0.000001 ; 97.000000
227 ; 584.410005 ; 0.000001 ; 97.000000
228 ; 586.845003 ; 0.000001 ; 97.000000
229 ; 589.220538 ; 0.000001 ; 96.000000
230 ; 591.875990 ; 0.000001 ; 96.000000
231 ; 594.431156 ; 0.000001 ; 96.000000
232 ; 596.821563 ; 0.000001 ; 96.000000
233 ; 599.509122 ; 0.000001 ; 96.000000
234 ; 602.289892 ; 0.000001 ; 96.000000
235 ; 604.875531 ; 0.000001 ; 95.000000
236 ; 607.618128 ; 0.000001 ; 95.000000
237 ; 610.011772 ; 0.000001 ; 95.000000
238 ; 612.634786 ; 0.000001 ; 95.000000
239 ; 615.211450 ; 0.000001 ; 95.000000
240 ; 617.906115 ; 0.000001 ; 95.000000
241 ; 620.392779 ; 0.000001 ; 95.000000
242 ; 622.829587 ; 0.000001 ; 94.000000
243 ; 625.509004 ; 0.000001 ; 94.000000
244 ; 628.039678 ; 0.000001 ; 94.000000
245 ; 630.689497 ; 0.000001 ; 94.000000
246 ; 633.259173 ; 0.000001 ; 94.000000
247 ; 635.658634 ; 0.000001 ; 94.000000
248 ; 638.282404 ; 0.000001 ; 93.000000
249 ; 640.813700 ; 0.000001 ; 93.000000
250 ; 643.484959 ; 0.000001 ; 93.000000
251 ; 646.056355 ; 0.000001 ; 93.000000
252 ; 648.688130 ; 0.000001 ; 93.000000
253 ; 651.227219 ; 0.000001 ; 93.000000
254 ; 653.679992 ; 0.000001 ; 92.000000
255 ; 656.306168 ; 0.000001 ; 92.000000
256 ; 658.813482 ; 0.000001 ; 92.000000
257 ; 661.580005 ; 0.000001 ; 92.000000
258 ; 664.266266 ; 0.000001 ; 92.000000
259 ; 666.797759 ; 0.000001 ; 92.000000
260 ; 669.454139 ; 0.000001 ; 92.000000
261 ; 672.141808 ; 0.000001 ; 91.000000
262 ; 674.469728 ; 0.000001 ; 91.000000
263 ; 677.087960 ; 0.000001 ; 91.000000
264 ; 679.656573 ; 0.000001 ; 91.000000
265 ; 682.266655 ; 0.000001 ; 91.000000
266 ; 685.094868 ; 0.000001 ; 91.000000
267 ; 687.570965 ; 0.000001 ; 90.000000
268 ; 690.672963 ; 0.000001 ; 90.000000
269 ; 693.203356 ; 0.000001 ; 90.000000
270 ; 695.619236 ; 0.000001 ; 90.000000
271 ; 698.284343 ; 0.000001 ; 90.000000
272 ; 700.750327 ; 0.000001 ; 90.000000
273 ; 703.478523 ; 0.000001 ; 90.000000
274 ; 706.025489 ; 0.000001 ; 89.000000
275 ; 708.398685 ; 0.000001 ; 89.000000
276 ; 710.828418 ; 0.000001 ; 89.000000
277 ; 713.226958 ; 0.000001 ; 89.000000
278 ; 716.082411 ; 0.000001 ; 89.000000
279 ; 718.399274 ; 0.000001 ; 89.000000
280 ; 721.050045 ; 0.000001 ; 88.000000
281 ; 723.671849 ; 0.000001 ; 88.000000
282 ; 726.276184 ; 0.000001 ; 88.000000
283 ; 728.822046 ; 0.000001 ; 88.000000
284 ; 731.211951 ; 0.000001 ; 88.000000
285 ; 733.876085 ; 0.000001 ; 88.000000
286 ; 736.484704 ; 0.000001 ; 88.000000
287 ; 739.081015 ; 0.000001 ; 88.000000
288 ; 741.594614 ; 0.000001 ; 88.000000
289 ; 744.281203 ; 0.000001 ; 87.000000
290 ; 746.773757 ; 0.000001 ; 87.000000
291 ; 749.235707 ; 0.000001 ; 87.000000
292 ; 751.843667 ; 0.000001 ; 87.000000
293 ; 754.367738 ; 0.000001 ; 87.000000
294 ; 757.114506 ; 0.000001 ; 87.000000
295 ; 759.611161 ; 0.000001 ; 87.000000
296 ; 762.046517 ; 0.000001 ; 86.000000
297 ; 764.672570 ; 0.000001 ; 86.000000
298 ; 767.274047 ; 0.000001 ; 86.000000
299 ; 769.876097 ; 0.000001 ; 86.000000
300 ; 772.390726 ; 0.000001 ; 86.000000
301 ; 774.844269 ; 0.000001 ; 86.000000
302 ; 777.461536 ; 0.000001 ; 86.000000
303 ; 780.047562 ; 0.000001 ; 86.000000
304 ; 782.664509 ; 0.000001 ; 85.000000
305 ; 785.289538 ; 0.000001 ; 85.000000
306 ; 787.851817 ; 0.000001 ; 85.000000
307 ; 790.414934 ; 0.000001 ; 85.000000
308 ; 792.837139 ; 0.000001 ; 85.000000
309 ; 795.445697 ; 0.000001 ; 85.000000
310 ; 797.984760 ; 0.000001 ; 85.000000
311 ; 800.687579 ; 0.000001 ; 84.000000
312 ; 803.257376 ; 0.000001 ; 84.000000
313 ; 805.632757 ; 0.000001 ; 84.000000
314 ; 808.265890 ; 0.000001 ; 84.000000
315 ; 810.883426 ; 0.000001 ; 84.000000
316 ; 813.460854 ; 0.000001 ; 84.000000
317 ; 815.999605 ; 0.000001 ; 84.000000
318 ; 818.656888 ; 0.000001 ; 84.000000
319 ; 821.195661 ; 0.000001 ; 83.000000
320 ; 823.624975 ; 0.000001 ; 83.000000
321 ; 826.258209 ; 0.000001 ; 83.000000
322 ; 828.851629 ; 0.000001 ; 83.000000
323 ; 831.484363 ; 0.000001 ; 83.000000
324 ; 834.015740 ; 0.000001 ; 83.000000
325 ; 836.663749 ; 0.000001 ; 83.000000
326 ; 839.046978 ; 0.000001 ; 83.000000
327 ; 841.594346 ; 0.000001 ; 82.000000
328 ; 844.265427 ; 0.000001 ; 82.000000
329 ; 846.828312 ; 0.000001 ; 82.000000
330 ; 849.227099 ; 0.000001 ; 82.000000
331 ; 852.015448 ; 0.000001 ; 82.000000
332 ; 854.461080 ; 0.000001 ; 82.000000
333 ; 857.078288 ; 0.000001 ; 82.000000
334 ; 859.624581 ; 0.000001 ; 82.000000
335 ; 862.281558 ; 0.000001 ; 81.000000
336 ; 864.820527 ; 0.000001 ; 81.000000
337 ; 867.195209 ; 0.000001 ; 81.000000
338 ; 870.007554 ; 0.000001 ; 81.000000
339 ; 872.394378 ; 0.000001 ; 81.000000
340 ; 875.039107 ; 0.000001 ; 81.000000
341 ; 877.570571 ; 0.000001 ; 81.000000
342 ; 880.243387 ; 0.000001 ; 81.000000
343 ; 882.781429 ; 0.000001 ; 81.000000
344 ; 885.157385 ; 0.000001 ; 81.000000
345 ; 887.835738 ; 0.000001 ; 81.000000
346 ; 890.453294 ; 0.000001 ; 80.000000
347 ; 893.054974 ; 0.000001 ; 80.000000
348 ; 895.628738 ; 0.000001 ; 80.000000
349 ; 898.030555 ; 0.000001 ; 80.000000
350 ; 900.671698 ; 0.000001 ; 80.000000
351 ; 903.195424 ; 0.000001 ; 80.000000
352 ; 905.835583 ; 0.000001 ; 80.000000
353 ; 908.377155 ; 0.000001 ; 80.000000
354 ; 910.836071 ; 0.000001 ; 80.000000
355 ; 913.461032 ; 0.000001 ; 79.000000
356 ; 915.963198 ; 0.000001 ; 79.000000
357 ; 918.640728 ; 0.000001 ; 79.000000
358 ; 921.171566 ; 0.000001 ; 79.000000
359 ; 923.796172 ; 0.000000 ; 79.000000
360 ; 926.350898 ; 0.000001 ; 79.000000
361 ; 928.781477 ; 0.000001 ; 79.000000
362 ; 931.468780 ; 0.000001 ; 79.000000
363 ; 933.983974 ; 0.000001 ; 79.000000
364 ; 936.637350 ; 0.000000 ; 78.000000
365 ; 939.171866 ; 0.000001 ; 78.000000
366 ; 941.616906 ; 0.000001 ; 78.000000
367 ; 944.257608 ; 0.000001 ; 78.000000
368 ; 946.851779 ; 0.000001 ; 78.000000
369 ; 949.425796 ; 0.000001 ; 78.000000
370 ; 952.220349 ; 0.000001 ; 78.000000
371 ; 954.798995 ; 0.000001 ; 78.000000
372 ; 957.421834 ; 0.000001 ; 78.000000
373 ; 960.024100 ; 0.000001 ; 77.000000
374 ; 962.655818 ; 0.000000 ; 77.000000
375 ; 965.163453 ; 0.000001 ; 77.000000
376 ; 967.546199 ; 0.000001 ; 77.000000
377 ; 969.976234 ; 0.000001 ; 77.000000
378 ; 972.351021 ; 0.000001 ; 77.000000
379 ; 974.772831 ; 0.000001 ; 77.000000
380 ; 977.179422 ; 0.000001 ; 77.000000
381 ; 979.835372 ; 0.000001 ; 77.000000
382 ; 982.420849 ; 0.000001 ; 76.000000
383 ; 985.023051 ; 0.000000 ; 76.000000
384 ; 987.601130 ; 0.000001 ; 76.000000
385 ; 990.203659 ; 0.000001 ; 76.000000
386 ; 992.750994 ; 0.000001 ; 76.000000
387 ; 995.194432 ; 0.000001 ; 76.000000
388 ; 997.819435 ; 0.000000 ; 76.000000
389 ; 1000.366769 ; 0.000001 ; 76.000000
390 ; 1003.030308 ; 0.000000 ; 76.000000
391 ; 1005.811478 ; 0.000001 ; 76.000000
392 ; 1008.321843 ; 0.000001 ; 75.000000
393 ; 1010.982876 ; 0.000001 ; 75.000000
394 ; 1013.593210 ; 0.000001 ; 75.000000
395 ; 1016.257117 ; 0.000001 ; 75.000000
396 ; 1018.764772 ; 0.000001 ; 75.000000
397 ; 1021.202909 ; 0.000001 ; 75.000000
398 ; 1023.858978 ; 0.000001 ; 75.000000
399 ; 1026.445322 ; 0.000001 ; 75.000000
400 ; 1029.109799 ; 0.000000 ; 75.000000
401 ; 1031.687105 ; 0.000001 ; 75.000000
402 ; 1034.101097 ; 0.000001 ; 75.000000
403 ; 1036.686364 ; 0.000001 ; 75.000000
404 ; 1039.124107 ; 0.000001 ; 75.000000
405 ; 1041.787719 ; 0.000001 ; 74.000000
406 ; 1044.398118 ; 0.000001 ; 74.000000
407 ; 1047.045918 ; 0.000000 ; 74.000000
408 ; 1049.851031 ; 0.000001 ; 74.000000
409 ; 1052.344913 ; 0.000001 ; 74.000000
410 ; 1055.008505 ; 0.000001 ; 74.000000
411 ; 1057.843060 ; 0.000001 ; 74.000000
412 ; 1060.381976 ; 0.000000 ; 74.000000
413 ; 1063.076692 ; 0.000001 ; 74.000000
414 ; 1065.733775 ; 0.000001 ; 74.000000
415 ; 1068.429069 ; 0.000001 ; 73.000000
416 ; 1071.037843 ; 0.000001 ; 73.000000
417 ; 1073.694340 ; 0.000001 ; 73.000000
418 ; 1076.038403 ; 0.000001 ; 73.000000
419 ; 1079.024660 ; 0.000000 ; 73.000000
420 ; 1081.584311 ; 0.000001 ; 73.000000
421 ; 1084.249109 ; 0.000001 ; 73.000000
422 ; 1086.819456 ; 0.000001 ; 73.000000
423 ; 1089.218600 ; 0.000001 ; 73.000000
424 ; 1091.827437 ; 0.000001 ; 73.000000
425 ; 1094.351199 ; 0.000001 ; 73.000000
426 ; 1097.107853 ; 0.000001 ; 72.000000
427 ; 1099.546697 ; 0.000001 ; 72.000000
428 ; 1101.944912 ; 0.000000 ; 72.000000
429 ; 1105.038872 ; 0.000001 ; 72.000000
430 ; 1107.553774 ; 0.000001 ; 72.000000
431 ; 1110.274614 ; 0.000001 ; 72.000000
432 ; 1112.649365 ; 0.000001 ; 72.000000
433 ; 1115.186057 ; 0.000001 ; 72.000000
434 ; 1117.793753 ; 0.000001 ; 72.000000
435 ; 1120.381306 ; 0.000001 ; 72.000000
436 ; 1122.999910 ; 0.000001 ; 72.000000
437 ; 1125.584233 ; 0.000000 ; 71.000000
438 ; 1127.936130 ; 0.000001 ; 71.000000
439 ; 1130.569781 ; 0.000000 ; 71.000000
440 ; 1133.124019 ; 0.000001 ; 71.000000
441 ; 1135.772714 ; 0.000000 ; 71.000000
442 ; 1138.334575 ; 0.000001 ; 71.000000
443 ; 1140.975463 ; 0.000001 ; 71.000000
444 ; 1143.546509 ; 0.000001 ; 71.000000
445 ; 1145.975580 ; 0.000001 ; 71.000000
446 ; 1148.600541 ; 0.000001 ; 71.000000
447 ; 1151.117531 ; 0.000001 ; 71.000000
448 ; 1153.858511 ; 0.000001 ; 71.000000
449 ; 1156.342634 ; 0.000001 ; 70.000000
450 ; 1158.788995 ; 0.000001 ; 70.000000
451 ; 1161.428643 ; 0.000001 ; 70.000000
452 ; 1163.900088 ; 0.000000 ; 70.000000
453 ; 1166.764506 ; 0.000001 ; 70.000000
454 ; 1169.538817 ; 0.000000 ; 70.000000
455 ; 1171.920838 ; 0.000001 ; 70.000000
456 ; 1174.584907 ; 0.000001 ; 70.000000
457 ; 1177.139731 ; 0.000001 ; 70.000000
458 ; 1179.765049 ; 0.000001 ; 70.000000
459 ; 1182.326417 ; 0.000001 ; 70.000000
460 ; 1184.678003 ; 0.000001 ; 69.000000
461 ; 1187.123449 ; 0.000001 ; 69.000000
462 ; 1189.522271 ; 0.000001 ; 69.000000
463 ; 1192.358841 ; 0.000001 ; 69.000000
464 ; 1194.749559 ; 0.000001 ; 69.000000
465 ; 1197.414307 ; 0.000001 ; 69.000000
466 ; 1199.976175 ; 0.000001 ; 69.000000
467 ; 1202.389560 ; 0.000001 ; 69.000000
468 ; 1204.998901 ; 0.000001 ; 69.000000
469 ; 1207.531781 ; 0.000000 ; 69.000000
470 ; 1210.220233 ; 0.000001 ; 69.000000
471 ; 1212.717723 ; 0.000000 ; 69.000000
472 ; 1215.405621 ; 0.000001 ; 69.000000
473 ; 1217.945200 ; 0.000000 ; 69.000000
474 ; 1220.319127 ; 0.000001 ; 69.000000
475 ; 1223.147711 ; 0.000000 ; 69.000000
476 ; 1225.507417 ; 0.000001 ; 68.000000
477 ; 1228.201721 ; 0.000001 ; 68.000000
478 ; 1230.741632 ; 0.000001 ; 68.000000
479 ; 1233.116621 ; 0.000001 ; 68.000000
480 ; 1235.936742 ; 0.000001 ; 68.000000
481 ; 1238.334570 ; 0.000001 ; 68.000000
482 ; 1241.022578 ; 0.000001 ; 68.000000
483 ; 1243.576607 ; 0.000001 ; 68.000000
484 ; 1246.202136 ; 0.000001 ; 68.000000
485 ; 1248.780649 ; 0.000001 ; 68.000000
486 ; 1251.123601 ; 0.000001 ; 68.000000
487 ; 1253.804745 ; 0.000001 ; 68.000000
488 ; 1256.334946 ; 0.000001 ; 68.000000
489 ; 1259.124491 ; 0.000001 ; 67.000000
490 ; 1261.788151 ; 0.000000 ; 67.000000
491 ; 1264.366889 ; 0.000001 ; 67.000000
492 ; 1266.991102 ; 0.000000 ; 67.000000
493 ; 1269.506910 ; 0.000001 ; 67.000000
494 ; 1272.184023 ; 0.000000 ; 67.000000
495 ; 1274.748909 ; 0.000001 ; 67.000000
496 ; 1277.124806 ; 0.000000 ; 67.000000
497 ; 1279.804092 ; 0.000001 ; 67.000000
498 ; 1282.342420 ; 0.000000 ; 67.000000
499 ; 1284.983562 ; 0.000001 ; 67.000000
500 ; 1287.554618 ; 0.000000 ; 67.000000
501 ; 1289.897694 ; 0.000001 ; 67.000000
502 ; 1292.608330 ; 0.000000 ; 67.000000
503 ; 1295.116060 ; 0.000001 ; 66.000000
504 ; 1297.795980 ; 0.000000 ; 66.000000
505 ; 1300.334828 ; 0.000001 ; 66.000000
506 ; 1302.990664 ; 0.000000 ; 66.000000
507 ; 1305.522366 ; 0.000001 ; 66.000000
508 ; 1307.920219 ; 0.000000 ; 66.000000
509 ; 1310.592842 ; 0.000001 ; 66.000000
510 ; 1313.108281 ; 0.000000 ; 66.000000
511 ; 1315.780469 ; 0.000001 ; 66.000000
512 ; 1318.342036 ; 0.000000 ; 66.000000
513 ; 1320.709826 ; 0.000001 ; 66.000000
514 ; 1323.381497 ; 0.000000 ; 66.000000
515 ; 1325.897442 ; 0.000001 ; 66.000000
516 ; 1328.607686 ; 0.000001 ; 65.000000
517 ; 1331.155111 ; 0.000001 ; 65.000000
518 ; 1333.561878 ; 0.000000 ; 65.000000
519 ; 1336.349795 ; 0.000001 ; 65.000000
520 ; 1338.717327 ; 0.000000 ; 65.000000
521 ; 1341.388797 ; 0.000001 ; 65.000000
522 ; 1343.927960 ; 0.000000 ; 65.000000
523 ; 1346.592993 ; 0.000001 ; 65.000000
524 ; 1349.123601 ; 0.000000 ; 65.000000
525 ; 1351.530257 ; 0.000001 ; 65.000000
526 ; 1354.187038 ; 0.000000 ; 65.000000
527 ; 1356.712374 ; 0.000001 ; 65.000000
528 ; 1359.373359 ; 0.000000 ; 65.000000
529 ; 1361.913653 ; 0.000001 ; 65.000000
530 ; 1364.295689 ; 0.000000 ; 65.000000
531 ; 1367.007349 ; 0.000001 ; 64.000000
532 ; 1369.515380 ; 0.000000 ; 64.000000
533 ; 1372.193746 ; 0.000001 ; 64.000000
534 ; 1374.701776 ; 0.000000 ; 64.000000
535 ; 1377.170169 ; 0.000001 ; 64.000000
536 ; 1379.951636 ; 0.000000 ; 64.000000
537 ; 1382.295442 ; 0.000001 ; 64.000000
538 ; 1384.975229 ; 0.000000 ; 64.000000
539 ; 1387.506034 ; 0.000001 ; 64.000000
540 ; 1390.161775 ; 0.000000 ; 64.000000
541 ; 1392.716602 ; 0.000001 ; 64.000000
542 ; 1395.107758 ; 0.000000 ; 64.000000
543 ; 1397.779387 ; 0.000001 ; 64.000000
544 ; 1400.304426 ; 0.000000 ; 64.000000
545 ; 1402.974600 ; 0.000001 ; 64.000000
546 ; 1405.514150 ; 0.000000 ; 63.000000
547 ; 1407.881015 ; 0.000001 ; 63.000000
548 ; 1410.303323 ; 0.000000 ; 63.000000
549 ; 1412.717050 ; 0.000001 ; 63.000000
550 ; 1415.381108 ; 0.000000 ; 63.000000
551 ; 1417.935346 ; 0.000001 ; 63.000000
552 ; 1420.544847 ; 0.000001 ; 63.000000
553 ; 1423.130559 ; 0.000001 ; 63.000000
554 ; 1425.888677 ; 0.000000 ; 63.000000
555 ; 1428.568319 ; 0.000001 ; 63.000000
556 ; 1431.107065 ; 0.000001 ; 63.000000
557 ; 1433.795439 ; 0.000001 ; 63.000000
558 ; 1436.302760 ; 0.000001 ; 63.000000
559 ; 1438.739993 ; 0.000001 ; 63.000000
560 ; 1441.513706 ; 0.000001 ; 63.000000
561 ; 1443.888622 ; 0.000001 ; 62.000000
562 ; 1446.568552 ; 0.000001 ; 62.000000
563 ; 1449.083973 ; 0.000001 ; 62.000000
564 ; 1451.755630 ; 0.000001 ; 62.000000
565 ; 1454.302149 ; 0.000001 ; 62.000000
566 ; 1456.700831 ; 0.000001 ; 62.000000
567 ; 1459.396421 ; 0.000001 ; 62.000000
568 ; 1461.937799 ; 0.000001 ; 62.000000
569 ; 1464.599581 ; 0.000000 ; 62.000000
570 ; 1467.138651 ; 0.000001 ; 62.000000
571 ; 1469.506298 ; 0.000000 ; 62.000000
572 ; 1472.302821 ; 0.000001 ; 62.000000
573 ; 1474.686425 ; 0.000000 ; 62.000000
574 ; 1477.349804 ; 0.000001 ; 62.000000
575 ; 1479.857534 ; 0.000000 ; 62.000000
576 ; 1482.579348 ; 0.000001 ; 62.000000
577 ; 1485.068708 ; 0.000000 ; 62.000000
578 ; 1487.437568 ; 0.000001 ; 62.000000
579 ; 1490.146255 ; 0.000000 ; 62.000000
580 ; 1492.748006 ; 0.000001 ; 62.000000
581 ; 1495.342191 ; 0.000000 ; 61.000000
582 ; 1497.945056 ; 0.000001 ; 61.000000
583 ; 1500.333242 ; 0.000000 ; 61.000000
584 ; 1502.966900 ; 0.000001 ; 61.000000
585 ; 1505.560310 ; 0.000000 ; 61.000000
586 ; 1508.201763 ; 0.000001 ; 61.000000
587 ; 1510.739927 ; 0.000000 ; 61.000000
588 ; 1513.108179 ; 0.000001 ; 61.000000
589 ; 1515.911695 ; 0.000000 ; 61.000000
590 ; 1518.247877 ; 0.000001 ; 61.000000
591 ; 1520.958953 ; 0.000000 ; 61.000000
592 ; 1523.740373 ; 0.000001 ; 61.000000
593 ; 1526.271661 ; 0.000000 ; 61.000000
594 ; 1528.944022 ; 0.000001 ; 61.000000
595 ; 1531.474778 ; 0.000000 ; 61.000000
596 ; 1534.132171 ; 0.000001 ; 61.000000
597 ; 1536.685149 ; 0.000000 ; 61.000000
598 ; 1539.091575 ; 0.000001 ; 60.000000
599 ; 1541.966193 ; 0.000000 ; 60.000000
600 ; 1544.726440 ; 0.000001 ; 60.000000
601 ; 1547.107243 ; 0.000001 ; 60.000000
602 ; 1549.716026 ; 0.000001 ; 60.000000
603 ; 1552.333720 ; 0.000001 ; 60.000000
604 ; 1554.936063 ; 0.000000 ; 60.000000
605 ; 1557.768676 ; 0.000001 ; 60.000000
606 ; 1560.239917 ; 0.000000 ; 60.000000
607 ; 1563.107738 ; 0.000001 ; 60.000000
608 ; 1565.880444 ; 0.000000 ; 60.000000
609 ; 1568.294170 ; 0.000001 ; 60.000000
610 ; 1570.958689 ; 0.000000 ; 60.000000
611 ; 1573.474722 ; 0.000001 ; 60.000000
612 ; 1576.255695 ; 0.000000 ; 60.000000
613 ; 1578.942819 ; 0.000001 ; 60.000000
614 ; 1581.482022 ; 0.000000 ; 59.000000
615 ; 1584.177300 ; 0.000001 ; 59.000000
616 ; 1586.716936 ; 0.000000 ; 59.000000
617 ; 1589.138684 ; 0.000001 ; 59.000000
618 ; 1591.926775 ; 0.000000 ; 59.000000
619 ; 1594.333721 ; 0.000001 ; 59.000000
620 ; 1596.958778 ; 0.000000 ; 59.000000
621 ; 1599.474035 ; 0.000001 ; 59.000000
622 ; 1602.286786 ; 0.000000 ; 59.000000
623 ; 1604.958441 ; 0.000001 ; 59.000000
624 ; 1607.473840 ; 0.000001 ; 59.000000
625 ; 1610.145541 ; 0.000001 ; 59.000000
626 ; 1612.677431 ; 0.000001 ; 59.000000
627 ; 1615.076037 ; 0.000000 ; 59.000000
628 ; 1617.881281 ; 0.000001 ; 59.000000
629 ; 1620.279351 ; 0.000000 ; 59.000000
630 ; 1622.936554 ; 0.000001 ; 59.000000
631 ; 1625.473610 ; 0.000000 ; 59.000000
632 ; 1627.872518 ; 0.000001 ; 58.000000
633 ; 1630.286445 ; 0.000000 ; 58.000000
634 ; 1632.943280 ; 0.000001 ; 58.000000
635 ; 1635.545256 ; 0.000000 ; 58.000000
636 ; 1637.942377 ; 0.000001 ; 58.000000
637 ; 1640.546969 ; 0.000001 ; 58.000000
638 ; 1643.786986 ; 0.000001 ; 58.000000
639 ; 1646.333558 ; 0.000001 ; 58.000000
640 ; 1649.036746 ; 0.000000 ; 58.000000
641 ; 1651.443974 ; 0.000001 ; 58.000000
642 ; 1653.871702 ; 0.000000 ; 58.000000
643 ; 1656.668895 ; 0.000001 ; 58.000000
644 ; 1659.356630 ; 0.000000 ; 58.000000
645 ; 1662.121745 ; 0.000001 ; 58.000000
646 ; 1664.653713 ; 0.000000 ; 58.000000
647 ; 1667.067834 ; 0.000001 ; 58.000000
648 ; 1669.739540 ; 0.000000 ; 58.000000
649 ; 1672.270992 ; 0.000001 ; 58.000000
650 ; 1674.888121 ; 0.000000 ; 58.000000
651 ; 1677.560019 ; 0.000001 ; 58.000000
652 ; 1679.903181 ; 0.000001 ; 57.000000
653 ; 1682.544580 ; 0.000000 ; 57.000000
654 ; 1685.137549 ; 0.000001 ; 57.000000
655 ; 1687.747085 ; 0.000000 ; 57.000000
656 ; 1690.246943 ; 0.000001 ; 57.000000
657 ; 1692.934986 ; 0.000000 ; 57.000000
658 ; 1695.442380 ; 0.000001 ; 57.000000
659 ; 1697.880429 ; 0.000000 ; 57.000000
660 ; 1700.521317 ; 0.000001 ; 57.000000
661 ; 1703.051503 ; 0.000001 ; 57.000000
662 ; 1705.750722 ; 0.000001 ; 57.000000
663 ; 1708.270052 ; 0.000001 ; 57.000000
664 ; 1710.669047 ; 0.000000 ; 57.000000
665 ; 1713.309088 ; 0.000001 ; 57.000000
666 ; 1715.863995 ; 0.000000 ; 57.000000
667 ; 1718.504384 ; 0.000001 ; 57.000000
668 ; 1721.093769 ; 0.000000 ; 57.000000
669 ; 1723.528442 ; 0.000001 ; 57.000000
670 ; 1726.121714 ; 0.000000 ; 57.000000
671 ; 1728.934264 ; 0.000001 ; 57.000000
672 ; 1731.473417 ; 0.000000 ; 56.000000
673 ; 1734.270051 ; 0.000001 ; 56.000000
674 ; 1736.633601 ; 0.000001 ; 56.000000
675 ; 1739.325910 ; 0.000000 ; 56.000000
676 ; 1741.879729 ; 0.000001 ; 56.000000
677 ; 1744.512350 ; 0.000000 ; 56.000000
678 ; 1747.059419 ; 0.000001 ; 56.000000
679 ; 1749.434230 ; 0.000000 ; 56.000000
680 ; 1752.107565 ; 0.000001 ; 56.000000
681 ; 1754.926458 ; 0.000000 ; 56.000000
682 ; 1757.441825 ; 0.000001 ; 56.000000
683 ; 1760.114056 ; 0.000000 ; 56.000000
684 ; 1762.684051 ; 0.000000 ; 56.000000
685 ; 1765.340656 ; 0.000001 ; 56.000000
686 ; 1767.911233 ; 0.000000 ; 56.000000
687 ; 1770.301158 ; 0.000001 ; 56.000000
688 ; 1773.059476 ; 0.000000 ; 56.000000
689 ; 1775.464886 ; 0.000001 ; 56.000000
690 ; 1778.113799 ; 0.000000 ; 56.000000
691 ; 1780.676312 ; 0.000001 ; 56.000000
692 ; 1783.293461 ; 0.000001 ; 56.000000
693 ; 1786.098146 ; 0.000000 ; 55.000000
694 ; 1788.622808 ; 0.000001 ; 55.000000
695 ; 1791.279112 ; 0.000000 ; 55.000000
696 ; 1793.825884 ; 0.000001 ; 55.000000
697 ; 1796.270006 ; 0.000000 ; 55.000000
698 ; 1799.046634 ; 0.000001 ; 55.000000
699 ; 1801.450884 ; 0.000000 ; 55.000000
700 ; 1804.113462 ; 0.000001 ; 55.000000
701 ; 1806.691896 ; 0.000001 ; 55.000000
702 ; 1809.300390 ; 0.000000 ; 55.000000
703 ; 1811.949223 ; 0.000001 ; 55.000000
704 ; 1814.903605 ; 0.000000 ; 55.000000
705 ; 1817.418408 ; 0.000001 ; 55.000000
706 ; 1820.082236 ; 0.000000 ; 55.000000
707 ; 1822.645591 ; 0.000001 ; 55.000000
708 ; 1825.318193 ; 0.000000 ; 55.000000
709 ; 1827.879950 ; 0.000001 ; 55.000000
710 ; 1830.246031 ; 0.000001 ; 55.000000
711 ; 1832.991217 ; 0.000001 ; 55.000000
712 ; 1835.449755 ; 0.000001 ; 55.000000
713 ; 1838.137711 ; 0.000000 ; 55.000000
714 ; 1840.636700 ; 0.000001 ; 54.000000
715 ; 1843.288700 ; 0.000000 ; 54.000000
716 ; 1845.842171 ; 0.000001 ; 54.000000
717 ; 1848.270470 ; 0.000000 ; 54.000000
718 ; 1850.894951 ; 0.000001 ; 54.000000
719 ; 1853.490206 ; 0.000001 ; 54.000000
720 ; 1856.066151 ; 0.000001 ; 54.000000
721 ; 1858.683524 ; 0.000001 ; 54.000000
722 ; 1861.066218 ; 0.000000 ; 54.000000
723 ; 1863.723843 ; 0.000001 ; 54.000000
724 ; 1866.238863 ; 0.000000 ; 54.000000
725 ; 1868.910126 ; 0.000001 ; 54.000000
726 ; 1871.418653 ; 0.000000 ; 54.000000
727 ; 1873.840309 ; 0.000001 ; 54.000000
728 ; 1876.621827 ; 0.000000 ; 54.000000
729 ; 1878.972841 ; 0.000000 ; 54.000000
730 ; 1881.718856 ; 0.000001 ; 54.000000
731 ; 1884.262001 ; 0.000000 ; 54.000000
732 ; 1886.902709 ; 0.000001 ; 54.000000
733 ; 1889.433709 ; 0.000000 ; 54.000000
734 ; 1891.810567 ; 0.000001 ; 54.000000
735 ; 1894.504682 ; 0.000000 ; 54.000000
736 ; 1897.066703 ; 0.000000 ; 54.000000
737 ; 1899.707469 ; 0.000001 ; 54.000000
738 ; 1902.285110 ; 0.000000 ; 54.000000
739 ; 1904.652386 ; 0.000001 ; 54.000000
740 ; 1907.441404 ; 0.000000 ; 54.000000
741 ; 1909.840410 ; 0.000001 ; 54.000000
742 ; 1912.503801 ; 0.000000 ; 54.000000
743 ; 1915.043029 ; 0.000000 ; 54.000000
744 ; 1917.441303 ; 0.000001 ; 53.000000
745 ; 1920.218363 ; 0.000000 ; 53.000000
746 ; 1922.621743 ; 0.000001 ; 53.000000
747 ; 1925.324237 ; 0.000000 ; 53.000000
748 ; 1927.824080 ; 0.000001 ; 53.000000
749 ; 1930.535181 ; 0.000000 ; 53.000000
750 ; 1933.020880 ; 0.000000 ; 53.000000
751 ; 1935.472651 ; 0.000001 ; 53.000000
752 ; 1938.074234 ; 0.000000 ; 53.000000
753 ; 1940.706913 ; 0.000001 ; 53.000000
754 ; 1943.318986 ; 0.000000 ; 53.000000
755 ; 1945.895496 ; 0.000001 ; 53.000000
756 ; 1948.222602 ; 0.000000 ; 53.000000
757 ; 1951.027172 ; 0.000000 ; 53.000000
758 ; 1953.417919 ; 0.000001 ; 53.000000
759 ; 1956.098119 ; 0.000000 ; 53.000000
760 ; 1958.621217 ; 0.000001 ; 53.000000
761 ; 1961.309285 ; 0.000000 ; 53.000000
762 ; 1963.808404 ; 0.000001 ; 53.000000
763 ; 1966.190984 ; 0.000000 ; 53.000000
764 ; 1969.027413 ; 0.000001 ; 53.000000
765 ; 1971.652719 ; 0.000001 ; 53.000000
766 ; 1974.191730 ; 0.000000 ; 53.000000
767 ; 1976.895057 ; 0.000001 ; 53.000000
768 ; 1979.441131 ; 0.000000 ; 53.000000
769 ; 1982.089410 ; 0.000001 ; 52.000000
770 ; 1984.690868 ; 0.000000 ; 52.000000
771 ; 1987.128890 ; 0.000001 ; 52.000000
772 ; 1989.707185 ; 0.000000 ; 52.000000
773 ; 1992.504302 ; 0.000000 ; 52.000000
774 ; 1995.033890 ; 0.000001 ; 52.000000
775 ; 1997.761636 ; 0.000000 ; 52.000000
776 ; 2000.151184 ; 0.000001 ; 52.000000
777 ; 2002.565207 ; 0.000000 ; 52.000000
778 ; 2004.995648 ; 0.000001 ; 52.000000
779 ; 2007.670487 ; 0.000001 ; 52.000000
780 ; 2010.207053 ; 0.000000 ; 52.000000
781 ; 2012.878966 ; 0.000001 ; 52.000000
782 ; 2015.440680 ; 0.000000 ; 52.000000
783 ; 2017.816155 ; 0.000001 ; 52.000000
784 ; 2020.643955 ; 0.000000 ; 52.000000
785 ; 2022.987964 ; 0.000001 ; 52.000000
786 ; 2025.706808 ; 0.000001 ; 52.000000
787 ; 2028.253625 ; 0.000000 ; 52.000000
788 ; 2030.675163 ; 0.000001 ; 52.000000
789 ; 2033.433038 ; 0.000000 ; 52.000000
790 ; 2035.809158 ; 0.000001 ; 52.000000
791 ; 2038.479224 ; 0.000000 ; 52.000000
792 ; 2041.269744 ; 0.000000 ; 52.000000
793 ; 2043.754105 ; 0.000001 ; 52.000000
794 ; 2046.253209 ; 0.000000 ; 52.000000
795 ; 2048.604437 ; 0.000001 ; 51.000000
796 ; 2051.268695 ; 0.000000 ; 51.000000
797 ; 2053.824522 ; 0.000000 ; 51.000000
798 ; 2056.480782 ; 0.000001 ; 51.000000
799 ; 2058.987519 ; 0.000000 ; 51.000000
800 ; 2061.410294 ; 0.000001 ; 51.000000
801 ; 2064.090061 ; 0.000000 ; 51.000000
802 ; 2066.627901 ; 0.000001 ; 51.000000
803 ; 2069.286692 ; 0.000000 ; 51.000000
804 ; 2071.831597 ; 0.000000 ; 51.000000
805 ; 2074.480166 ; 0.000001 ; 51.000000
806 ; 2077.045531 ; 0.000000 ; 51.000000
807 ; 2079.433844 ; 0.000001 ; 51.000000
808 ; 2082.081412 ; 0.000000 ; 51.000000
809 ; 2084.605353 ; 0.000000 ; 51.000000
810 ; 2087.397112 ; 0.000001 ; 51.000000
811 ; 2090.073453 ; 0.000000 ; 51.000000
812 ; 2092.616255 ; 0.000001 ; 51.000000
813 ; 2095.229850 ; 0.000000 ; 51.000000
814 ; 2098.080726 ; 0.000001 ; 51.000000
815 ; 2100.612355 ; 0.000000 ; 51.000000
816 ; 2103.276330 ; 0.000001 ; 51.000000
817 ; 2105.800449 ; 0.000001 ; 51.000000
818 ; 2108.605212 ; 0.000000 ; 51.000000
819 ; 2111.261567 ; 0.000001 ; 51.000000
820 ; 2113.823714 ; 0.000000 ; 51.000000
821 ; 2116.495848 ; 0.000001 ; 51.000000
822 ; 2119.018634 ; 0.000000 ; 50.000000
823 ; 2121.424755 ; 0.000000 ; 50.000000
824 ; 2124.100531 ; 0.000001 ; 50.000000
825 ; 2126.605172 ; 0.000000 ; 50.000000
826 ; 2129.291825 ; 0.000001 ; 50.000000
827 ; 2131.784546 ; 0.000000 ; 50.000000
828 ; 2134.206496 ; 0.000000 ; 50.000000
829 ; 2137.284505 ; 0.000001 ; 50.000000
830 ; 2139.862200 ; 0.000000 ; 50.000000
831 ; 2142.472138 ; 0.000001 ; 50.000000
832 ; 2145.237990 ; 0.000000 ; 50.000000
833 ; 2148.057798 ; 0.000001 ; 50.000000
834 ; 2150.596483 ; 0.000000 ; 50.000000
835 ; 2153.214504 ; 0.000001 ; 50.000000
836 ; 2155.863046 ; 0.000000 ; 50.000000
837 ; 2158.479413 ; 0.000000 ; 50.000000
838 ; 2161.034857 ; 0.000001 ; 50.000000
839 ; 2163.480029 ; 0.000000 ; 50.000000
840 ; 2166.206934 ; 0.000001 ; 50.000000
841 ; 2168.582310 ; 0.000000 ; 50.000000
842 ; 2171.275586 ; 0.000000 ; 50.000000
843 ; 2173.776166 ; 0.000001 ; 50.000000
844 ; 2176.174797 ; 0.000000 ; 50.000000
845 ; 2178.971993 ; 0.000001 ; 50.000000
846 ; 2181.394504 ; 0.000000 ; 50.000000
847 ; 2184.065669 ; 0.000000 ; 50.000000
848 ; 2186.550794 ; 0.000001 ; 50.000000
849 ; 2189.229827 ; 0.000000 ; 50.000000
850 ; 2191.769064 ; 0.000001 ; 49.000000
851 ; 2194.213803 ; 0.000000 ; 49.000000
852 ; 2196.862080 ; 0.000000 ; 49.000000
853 ; 2199.409630 ; 0.000001 ; 49.000000
854 ; 2202.031184 ; 0.000000 ; 49.000000
855 ; 2204.619621 ; 0.000001 ; 49.000000
856 ; 2207.011758 ; 0.000000 ; 49.000000
857 ; 2209.760154 ; 0.000000 ; 49.000000
858 ; 2212.174772 ; 0.000001 ; 49.000000
859 ; 2214.860076 ; 0.000000 ; 49.000000
860 ; 2217.369764 ; 0.000001 ; 49.000000
861 ; 2219.793238 ; 0.000000 ; 49.000000
862 ; 2222.557884 ; 0.000001 ; 49.000000
863 ; 2224.971710 ; 0.000000 ; 49.000000
864 ; 2227.596501 ; 0.000000 ; 49.000000
865 ; 2230.494715 ; 0.000001 ; 49.000000
866 ; 2232.986984 ; 0.000000 ; 49.000000
867 ; 2235.636141 ; 0.000001 ; 49.000000
868 ; 2238.205583 ; 0.000000 ; 49.000000
869 ; 2240.869999 ; 0.000000 ; 49.000000
870 ; 2243.417357 ; 0.000001 ; 49.000000
871 ; 2245.815273 ; 0.000000 ; 49.000000
872 ; 2248.479241 ; 0.000001 ; 49.000000
873 ; 2251.009968 ; 0.000000 ; 49.000000
874 ; 2253.635220 ; 0.000000 ; 49.000000
875 ; 2256.464332 ; 0.000001 ; 49.000000
876 ; 2258.971474 ; 0.000000 ; 49.000000
877 ; 2261.634826 ; 0.000001 ; 49.000000
878 ; 2264.174921 ; 0.000000 ; 49.000000
879 ; 2267.002215 ; 0.000001 ; 49.000000
880 ; 2269.760294 ; 0.000001 ; 49.000000
881 ; 2272.174592 ; 0.000000 ; 49.000000
882 ; 2274.838809 ; 0.000001 ; 48.000000
883 ; 2277.369591 ; 0.000000 ; 48.000000
884 ; 2279.748504 ; 0.000000 ; 48.000000
885 ; 2282.448323 ; 0.000001 ; 48.000000
886 ; 2285.003200 ; 0.000000 ; 48.000000
887 ; 2287.643184 ; 0.000001 ; 48.000000
888 ; 2290.228809 ; 0.000000 ; 48.000000
889 ; 2292.627618 ; 0.000000 ; 48.000000
890 ; 2295.260763 ; 0.000001 ; 48.000000
891 ; 2298.034605 ; 0.000000 ; 48.000000
892 ; 2300.574313 ; 0.000001 ; 48.000000
893 ; 2303.456161 ; 0.000000 ; 48.000000
894 ; 2306.159669 ; 0.000001 ; 48.000000
895 ; 2308.823655 ; 0.000001 ; 48.000000
896 ; 2311.369091 ; 0.000000 ; 48.000000
897 ; 2313.783008 ; 0.000001 ; 48.000000
898 ; 2316.580907 ; 0.000000 ; 48.000000
899 ; 2319.231857 ; 0.000001 ; 48.000000
900 ; 2321.752307 ; 0.000001 ; 48.000000
901 ; 2324.401095 ; 0.000000 ; 48.000000
902 ; 2326.962982 ; 0.000001 ; 48.000000
903 ; 2329.635165 ; 0.000000 ; 48.000000
904 ; 2332.228816 ; 0.000000 ; 48.000000
905 ; 2334.596315 ; 0.000001 ; 48.000000
906 ; 2337.237022 ; 0.000000 ; 48.000000
907 ; 2339.760657 ; 0.000001 ; 48.000000
908 ; 2342.549691 ; 0.000000 ; 48.000000
909 ; 2344.955902 ; 0.000000 ; 48.000000
910 ; 2347.604479 ; 0.000001 ; 48.000000
911 ; 2350.158913 ; 0.000000 ; 48.000000
912 ; 2352.541384 ; 0.000001 ; 48.000000
913 ; 2355.345858 ; 0.000000 ; 48.000000
914 ; 2358.017531 ; 0.000001 ; 48.000000
915 ; 2360.541051 ; 0.000001 ; 47.000000
916 ; 2363.228535 ; 0.000000 ; 47.000000
917 ; 2365.751769 ; 0.000001 ; 47.000000
918 ; 2368.564584 ; 0.000000 ; 47.000000
919 ; 2371.213087 ; 0.000001 ; 47.000000
920 ; 2373.814439 ; 0.000001 ; 47.000000
921 ; 2376.431853 ; 0.000000 ; 47.000000
922 ; 2378.978377 ; 0.000001 ; 47.000000
923 ; 2381.619637 ; 0.000000 ; 47.000000
924 ; 2384.158997 ; 0.000000 ; 47.000000
925 ; 2386.533178 ; 0.000001 ; 47.000000
926 ; 2389.214519 ; 0.000000 ; 47.000000
927 ; 2391.721205 ; 0.000001 ; 47.000000
928 ; 2394.393238 ; 0.000000 ; 47.000000
929 ; 2396.931851 ; 0.000000 ; 47.000000
930 ; 2399.322524 ; 0.000001 ; 47.000000
931 ; 2402.173669 ; 0.000000 ; 47.000000
932 ; 2404.580941 ; 0.000001 ; 47.000000
933 ; 2407.588240 ; 0.000000 ; 47.000000
934 ; 2410.135776 ; 0.000000 ; 47.000000
935 ; 2412.564306 ; 0.000001 ; 47.000000
936 ; 2415.213221 ; 0.000000 ; 47.000000
937 ; 2417.822313 ; 0.000001 ; 47.000000
938 ; 2420.142669 ; 0.000001 ; 47.000000
939 ; 2422.595595 ; 0.000000 ; 47.000000
940 ; 2425.017396 ; 0.000001 ; 47.000000
941 ; 2427.754409 ; 0.000000 ; 47.000000
942 ; 2430.118555 ; 0.000000 ; 47.000000
943 ; 2432.954215 ; 0.000001 ; 47.000000
944 ; 2435.314143 ; 0.000000 ; 47.000000
945 ; 2438.025321 ; 0.000001 ; 47.000000
946 ; 2440.595109 ; 0.000000 ; 47.000000
947 ; 2442.892393 ; 0.000000 ; 47.000000
948 ; 2445.329692 ; 0.000001 ; 47.000000
949 ; 2447.697954 ; 0.000000 ; 47.000000
950 ; 2450.181213 ; 0.000000 ; 47.000000
951 ; 2452.550456 ; 0.000001 ; 47.000000
952 ; 2455.376821 ; 0.000000 ; 46.000000
953 ; 2457.736438 ; 0.000001 ; 46.000000
954 ; 2460.423335 ; 0.000001 ; 46.000000
955 ; 2462.924192 ; 0.000000 ; 46.000000
956 ; 2465.635547 ; 0.000001 ; 46.000000
957 ; 2468.009576 ; 0.000000 ; 46.000000
958 ; 2470.540776 ; 0.000001 ; 46.000000
959 ; 2473.237056 ; 0.000001 ; 46.000000
960 ; 2475.720398 ; 0.000000 ; 46.000000
961 ; 2478.423171 ; 0.000001 ; 46.000000
962 ; 2480.919532 ; 0.000000 ; 46.000000
963 ; 2483.339495 ; 0.000001 ; 46.000000
964 ; 2486.134311 ; 0.000001 ; 46.000000
965 ; 2488.540494 ; 0.000000 ; 46.000000
966 ; 2491.244064 ; 0.000001 ; 46.000000
967 ; 2493.797854 ; 0.000000 ; 46.000000
968 ; 2496.119033 ; 0.000000 ; 46.000000
969 ; 2498.494360 ; 0.000001 ; 46.000000
970 ; 2500.951167 ; 0.000000 ; 46.000000
971 ; 2503.754049 ; 0.000001 ; 46.000000
972 ; 2506.189246 ; 0.000001 ; 46.000000
973 ; 2508.813933 ; 0.000000 ; 46.000000
974 ; 2511.376760 ; 0.000001 ; 46.000000
975 ; 2514.017500 ; 0.000000 ; 46.000000
976 ; 2516.860818 ; 0.000000 ; 46.000000
977 ; 2519.337665 ; 0.000001 ; 46.000000
978 ; 2522.026243 ; 0.000000 ; 46.000000
979 ; 2524.501480 ; 0.000001 ; 46.000000
980 ; 2526.962596 ; 0.000000 ; 46.000000
981 ; 2529.704731 ; 0.000000 ; 46.000000
982 ; 2532.126300 ; 0.000001 ; 46.000000
983 ; 2534.814330 ; 0.000000 ; 46.000000
984 ; 2537.301248 ; 0.000001 ; 46.000000
985 ; 2540.002586 ; 0.000001 ; 46.000000
986 ; 2542.524921 ; 0.000000 ; 46.000000
987 ; 2544.949974 ; 0.000001 ; 46.000000
988 ; 2547.618631 ; 0.000000 ; 46.000000
989 ; 2550.150915 ; 0.000000 ; 46.000000
990 ; 2552.813622 ; 0.000001 ; 46.000000
991 ; 2555.321600 ; 0.000000 ; 46.000000
992 ; 2557.752616 ; 0.000001 ; 46.000000
993 ; 2560.406751 ; 0.000001 ; 46.000000
994 ; 2563.227970 ; 0.000000 ; 46.000000
995 ; 2565.680654 ; 0.000001 ; 46.000000
996 ; 2568.125928 ; 0.000000 ; 46.000000
997 ; 2570.524626 ; 0.000000 ; 46.000000
998 ; 2573.330755 ; 0.000001 ; 46.000000
999 ; 2575.719761 ; 0.000000 ; 46.000000
1000 ; 2578.391884 ; 0.000001 ; 46.000000
1001 ; 2581.189377 ; 0.000000 ; 46.000000
1002 ; 2583.735440 ; 0.000000 ; 45.000000
1003 ; 2586.399550 ; 0.000001 ; 45.000000
1004 ; 2588.885833 ; 0.000000 ; 45.000000
1005 ; 2591.580691 ; 0.000000 ; 45.000000
1006 ; 2594.149827 ; 0.000001 ; 45.000000
1007 ; 2596.594535 ; 0.000000 ; 45.000000
1008 ; 2599.191981 ; 0.000001 ; 45.000000
1009 ; 2601.712839 ; 0.000000 ; 45.000000
1010 ; 2604.422847 ; 0.000000 ; 45.000000
1011 ; 2606.931816 ; 0.000001 ; 45.000000
1012 ; 2609.313820 ; 0.000000 ; 45.000000
1013 ; 2612.126470 ; 0.000000 ; 45.000000
1014 ; 2614.524460 ; 0.000001 ; 45.000000
1015 ; 2617.135115 ; 0.000000 ; 45.000000
1016 ; 2619.746423 ; 0.000001 ; 45.000000
1017 ; 2622.419354 ; 0.000000 ; 45.000000
1018 ; 2625.172705 ; 0.000000 ; 45.000000
1019 ; 2627.968971 ; 0.000001 ; 45.000000
1020 ; 2630.540317 ; 0.000000 ; 45.000000
1021 ; 2633.191162 ; 0.000001 ; 45.000000
1022 ; 2635.759540 ; 0.000000 ; 45.000000
1023 ; 2638.399780 ; 0.000000 ; 45.000000
1024 ; 2640.914792 ; 0.000001 ; 45.000000
1025 ; 2643.367924 ; 0.000000 ; 45.000000
1026 ; 2645.986474 ; 0.000000 ; 45.000000
1027 ; 2648.548092 ; 0.000001 ; 45.000000
1028 ; 2651.197042 ; 0.000000 ; 45.000000
1029 ; 2653.704422 ; 0.000001 ; 45.000000
1030 ; 2656.376324 ; 0.000000 ; 45.000000
1031 ; 2658.899216 ; 0.000000 ; 45.000000
1032 ; 2661.324942 ; 0.000001 ; 45.000000
1033 ; 2663.962125 ; 0.000000 ; 45.000000
1034 ; 2666.524596 ; 0.000001 ; 45.000000
1035 ; 2669.165213 ; 0.000001 ; 45.000000
1036 ; 2671.711679 ; 0.000000 ; 45.000000
1037 ; 2674.125763 ; 0.000001 ; 45.000000
1038 ; 2676.774932 ; 0.000000 ; 45.000000
1039 ; 2679.352822 ; 0.000000 ; 45.000000
1040 ; 2681.984946 ; 0.000001 ; 45.000000
1041 ; 2684.571223 ; 0.000000 ; 45.000000
1042 ; 2686.985122 ; 0.000001 ; 45.000000
1043 ; 2689.705501 ; 0.000000 ; 45.000000
1044 ; 2692.093928 ; 0.000000 ; 44.000000
1045 ; 2694.886637 ; 0.000001 ; 44.000000
1046 ; 2697.289978 ; 0.000000 ; 44.000000
1047 ; 2699.743167 ; 0.000000 ; 44.000000
1048 ; 2702.532610 ; 0.000001 ; 44.000000
1049 ; 2704.899908 ; 0.000000 ; 44.000000
1050 ; 2707.688209 ; 0.000001 ; 44.000000
1051 ; 2710.399142 ; 0.000000 ; 44.000000
1052 ; 2712.922223 ; 0.000000 ; 44.000000
1053 ; 2715.587065 ; 0.000001 ; 44.000000
1054 ; 2718.117927 ; 0.000000 ; 44.000000
1055 ; 2720.790674 ; 0.000001 ; 44.000000
1056 ; 2723.368148 ; 0.000000 ; 44.000000
1057 ; 2725.758771 ; 0.000000 ; 44.000000
1058 ; 2728.375970 ; 0.000001 ; 44.000000
1059 ; 2730.953981 ; 0.000000 ; 44.000000
1060 ; 2733.555517 ; 0.000000 ; 44.000000
1061 ; 2736.102106 ; 0.000001 ; 44.000000
1062 ; 2738.507921 ; 0.000000 ; 44.000000
1063 ; 2741.297715 ; 0.000001 ; 44.000000
1064 ; 2743.703809 ; 0.000001 ; 44.000000
1065 ; 2746.328638 ; 0.000000 ; 44.000000
1066 ; 2748.843991 ; 0.000001 ; 44.000000
1067 ; 2751.595193 ; 0.000000 ; 44.000000
1068 ; 2754.109886 ; 0.000000 ; 44.000000
1069 ; 2756.524084 ; 0.000001 ; 44.000000
1070 ; 2759.156816 ; 0.000000 ; 44.000000
1071 ; 2761.727216 ; 0.000001 ; 44.000000
1072 ; 2764.383487 ; 0.000001 ; 44.000000
1073 ; 2766.883328 ; 0.000000 ; 44.000000
1074 ; 2769.336159 ; 0.000001 ; 44.000000
1075 ; 2771.971146 ; 0.000000 ; 44.000000
1076 ; 2774.554731 ; 0.000000 ; 44.000000
1077 ; 2777.172419 ; 0.000001 ; 44.000000
1078 ; 2779.695512 ; 0.000000 ; 44.000000
1079 ; 2782.109694 ; 0.000000 ; 44.000000
1080 ; 2785.156525 ; 0.000001 ; 44.000000
1081 ; 2787.687533 ; 0.000000 ; 44.000000
1082 ; 2790.344590 ; 0.000001 ; 44.000000
1083 ; 2792.875209 ; 0.000000 ; 44.000000
1084 ; 2795.282068 ; 0.000000 ; 44.000000
1085 ; 2797.945523 ; 0.000001 ; 44.000000
1086 ; 2800.508140 ; 0.000000 ; 44.000000
1087 ; 2803.172449 ; 0.000000 ; 44.000000
1088 ; 2805.695829 ; 0.000001 ; 44.000000
1089 ; 2808.133404 ; 0.000000 ; 44.000000
1090 ; 2810.751118 ; 0.000001 ; 43.000000
1091 ; 2813.347175 ; 0.000001 ; 43.000000
1092 ; 2815.977287 ; 0.000000 ; 43.000000
1093 ; 2818.509735 ; 0.000001 ; 43.000000
1094 ; 2820.906172 ; 0.000000 ; 43.000000
1095 ; 2823.961530 ; 0.000000 ; 43.000000
1096 ; 2826.461501 ; 0.000001 ; 43.000000
1097 ; 2829.164616 ; 0.000000 ; 43.000000
1098 ; 2831.687740 ; 0.000000 ; 43.000000
1099 ; 2834.093885 ; 0.000001 ; 43.000000
1100 ; 2836.743387 ; 0.000000 ; 43.000000
1101 ; 2839.273869 ; 0.000001 ; 43.000000
1102 ; 2841.961474 ; 0.000000 ; 43.000000
1103 ; 2844.493136 ; 0.000000 ; 43.000000
1104 ; 2846.852426 ; 0.000001 ; 43.000000
1105 ; 2849.945563 ; 0.000000 ; 43.000000
1106 ; 2852.484348 ; 0.000000 ; 43.000000
1107 ; 2854.890810 ; 0.000001 ; 43.000000
1108 ; 2857.515532 ; 0.000000 ; 43.000000
1109 ; 2860.336225 ; 0.000001 ; 43.000000
1110 ; 2862.843564 ; 0.000001 ; 43.000000
1111 ; 2865.234869 ; 0.000000 ; 43.000000
1112 ; 2867.679057 ; 0.000001 ; 43.000000
1113 ; 2870.437895 ; 0.000000 ; 43.000000
1114 ; 2872.891209 ; 0.000000 ; 43.000000
1115 ; 2875.896542 ; 0.000001 ; 43.000000
1116 ; 2878.753162 ; 0.000000 ; 43.000000
1117 ; 2881.281560 ; 0.000001 ; 43.000000
1118 ; 2883.906921 ; 0.000001 ; 43.000000
1119 ; 2886.492592 ; 0.000000 ; 43.000000
