1 ; 0.032421 ; 0.000004 ; 161.000000
2 ; 2.755656 ; 0.000004 ; 160.000000
3 ; 5.357773 ; 0.000003 ; 160.000000
4 ; 7.886966 ; 0.000003 ; 160.000000
5 ; 10.295656 ; 0.000004 ; 160.000000
6 ; 12.943598 ; 0.000003 ; 159.000000
7 ; 15.497411 ; 0.000003 ; 159.000000
8 ; 18.185863 ; 0.000003 ; 159.000000
9 ; 20.700549 ; 0.000003 ; 159.000000
10 ; 23.122827 ; 0.000003 ; 158.000000
11 ; 25.747297 ; 0.000003 ; 158.000000
12 ; 28.309552 ; 0.000003 ; 158.000000
13 ; 30.973135 ; 0.000003 ; 157.000000
14 ; 33.544497 ; 0.000003 ; 157.000000
15 ; 35.926826 ; 0.000003 ; 157.000000
16 ; 38.567513 ; 0.000003 ; 156.000000
17 ; 41.168655 ; 0.000003 ; 156.000000
18 ; 43.754384 ; 0.000003 ; 156.000000
19 ; 46.301896 ; 0.000003 ; 155.000000
20 ; 48.927028 ; 0.000003 ; 155.000000
21 ; 51.496976 ; 0.000003 ; 155.000000
22 ; 53.879804 ; 0.000003 ; 154.000000
23 ; 56.552599 ; 0.000003 ; 154.000000
24 ; 59.340895 ; 0.000003 ; 153.000000
25 ; 61.887333 ; 0.000003 ; 153.000000
26 ; 64.576242 ; 0.000003 ; 152.000000
27 ; 67.125490 ; 0.000003 ; 152.000000
28 ; 69.722957 ; 0.000003 ; 152.000000
29 ; 72.341705 ; 0.000003 ; 151.000000
30 ; 74.739744 ; 0.000003 ; 151.000000
31 ; 77.341158 ; 0.000003 ; 150.000000
32 ; 79.879459 ; 0.000003 ; 150.000000
33 ; 82.551659 ; 0.000002 ; 150.000000
34 ; 85.137936 ; 0.000002 ; 149.000000
35 ; 87.715687 ; 0.000003 ; 149.000000
36 ; 90.333161 ; 0.000003 ; 148.000000
37 ; 92.934258 ; 0.000002 ; 148.000000
38 ; 95.445852 ; 0.000002 ; 148.000000
39 ; 97.872056 ; 0.000003 ; 147.000000
40 ; 100.543503 ; 0.000002 ; 147.000000
41 ; 103.090155 ; 0.000002 ; 146.000000
42 ; 105.481628 ; 0.000002 ; 146.000000
43 ; 108.333181 ; 0.000002 ; 146.000000
44 ; 110.723297 ; 0.000003 ; 145.000000
45 ; 113.340362 ; 0.000002 ; 145.000000
46 ; 115.919689 ; 0.000002 ; 145.000000
47 ; 118.558862 ; 0.000002 ; 144.000000
48 ; 121.077388 ; 0.000002 ; 144.000000
49 ; 123.489104 ; 0.000002 ; 143.000000
50 ; 126.129715 ; 0.000002 ; 143.000000
51 ; 128.684456 ; 0.000002 ; 142.000000
52 ; 131.332528 ; 0.000002 ; 142.000000
53 ; 133.872898 ; 0.000002 ; 142.000000
54 ; 136.254482 ; 0.000002 ; 141.000000
55 ; 139.062935 ; 0.000002 ; 141.000000
56 ; 141.465743 ; 0.000002 ; 141.000000
57 ; 144.129805 ; 0.000002 ; 140.000000
58 ; 146.660897 ; 0.000002 ; 140.000000
59 ; 149.068111 ; 0.000002 ; 139.000000
60 ; 151.887068 ; 0.000002 ; 139.000000
61 ; 154.301324 ; 0.000002 ; 139.000000
62 ; 156.949256 ; 0.000002 ; 138.000000
63 ; 159.520423 ; 0.000002 ; 138.000000
64 ; 162.161695 ; 0.000002 ; 138.000000
65 ; 164.652419 ; 0.000002 ; 137.000000
66 ; 167.105939 ; 0.000002 ; 137.000000
67 ; 169.753891 ; 0.000002 ; 136.000000
68 ; 172.324914 ; 0.000002 ; 136.000000
69 ; 174.926537 ; 0.000002 ; 136.000000
70 ; 177.520392 ; 0.000002 ; 135.000000
71 ; 180.277228 ; 0.000002 ; 135.000000
72 ; 182.941579 ; 0.000002 ; 135.000000
73 ; 185.476338 ; 0.000002 ; 134.000000
74 ; 188.137307 ; 0.000002 ; 134.000000
75 ; 190.645738 ; 0.000002 ; 134.000000
76 ; 193.082222 ; 0.000002 ; 133.000000
77 ; 195.732083 ; 0.000002 ; 133.000000
78 ; 198.317223 ; 0.000002 ; 133.000000
79 ; 200.942151 ; 0.000002 ; 132.000000
80 ; 203.519927 ; 0.000002 ; 132.000000
81 ; 205.926238 ; 0.000002 ; 132.000000
82 ; 208.645590 ; 0.000002 ; 131.000000
83 ; 211.059805 ; 0.000002 ; 131.000000
84 ; 213.745986 ; 0.000002 ; 131.000000
85 ; 216.238292 ; 0.000002 ; 130.000000
86 ; 218.949465 ; 0.000002 ; 130.000000
87 ; 221.458072 ; 0.000002 ; 130.000000
88 ; 223.871696 ; 0.000002 ; 129.000000
89 ; 226.527749 ; 0.000002 ; 129.000000
90 ; 229.082394 ; 0.000002 ; 129.000000
91 ; 231.761920 ; 0.000002 ; 128.000000
92 ; 234.238358 ; 0.000002 ; 128.000000
93 ; 236.684244 ; 0.000002 ; 128.000000
94 ; 239.324543 ; 0.000002 ; 127.000000
95 ; 241.918262 ; 0.000002 ; 127.000000
96 ; 244.559796 ; 0.000002 ; 127.000000
97 ; 247.136837 ; 0.000002 ; 126.000000
98 ; 249.496820 ; 0.000002 ; 126.000000
99 ; 252.129339 ; 0.000002 ; 126.000000
100 ; 254.691582 ; 0.000002 ; 125.000000
101 ; 257.332735 ; 0.000002 ; 125.000000
102 ; 259.894550 ; 0.000002 ; 125.000000
103 ; 262.535209 ; 0.000002 ; 124.000000
104 ; 265.043660 ; 0.000002 ; 124.000000
105 ; 267.442051 ; 0.000002 ; 124.000000
106 ; 270.246234 ; 0.000002 ; 124.000000
107 ; 272.660550 ; 0.000002 ; 123.000000
108 ; 275.324107 ; 0.000002 ; 123.000000
109 ; 278.137189 ; 0.000002 ; 123.000000
110 ; 280.669237 ; 0.000002 ; 122.000000
111 ; 283.324579 ; 0.000002 ; 122.000000
112 ; 285.856159 ; 0.000002 ; 122.000000
113 ; 288.293528 ; 0.000002 ; 121.000000
114 ; 290.926464 ; 0.000002 ; 121.000000
115 ; 293.511416 ; 0.000002 ; 121.000000
116 ; 296.113408 ; 0.000002 ; 121.000000
117 ; 298.629100 ; 0.000002 ; 120.000000
118 ; 301.317018 ; 0.000002 ; 120.000000
119 ; 303.887274 ; 0.000002 ; 120.000000
120 ; 306.238634 ; 0.000002 ; 120.000000
121 ; 309.044141 ; 0.000002 ; 119.000000
122 ; 311.723290 ; 0.000002 ; 119.000000
123 ; 314.230492 ; 0.000002 ; 119.000000
124 ; 317.066560 ; 0.000002 ; 118.000000
125 ; 319.488207 ; 0.000002 ; 118.000000
126 ; 322.112963 ; 0.000002 ; 118.000000
127 ; 324.660026 ; 0.000002 ; 118.000000
128 ; 327.317043 ; 0.000002 ; 118.000000
129 ; 330.269847 ; 0.000002 ; 117.000000
130 ; 333.081499 ; 0.000002 ; 117.000000
131 ; 335.511891 ; 0.000002 ; 116.000000
132 ; 338.136722 ; 0.000002 ; 116.000000
133 ; 340.676094 ; 0.000002 ; 116.000000
134 ; 343.340983 ; 0.000002 ; 116.000000
135 ; 345.847609 ; 0.000002 ; 115.000000
136 ; 348.268934 ; 0.000002 ; 115.000000
137 ; 351.058725 ; 0.000002 ; 115.000000
138 ; 353.448850 ; 0.000002 ; 115.000000
139 ; 356.097330 ; 0.000002 ; 114.000000
140 ; 358.886400 ; 0.000002 ; 114.000000
141 ; 361.441058 ; 0.000002 ; 114.000000
142 ; 364.097375 ; 0.000002 ; 114.000000
143 ; 366.636097 ; 0.000002 ; 113.000000
144 ; 369.292597 ; 0.000002 ; 113.000000
145 ; 371.902117 ; 0.000002 ; 113.000000
146 ; 374.268748 ; 0.000002 ; 113.000000
147 ; 376.909677 ; 0.000002 ; 112.000000
148 ; 379.480011 ; 0.000002 ; 112.000000
149 ; 382.112412 ; 0.000002 ; 112.000000
150 ; 384.628730 ; 0.000002 ; 112.000000
151 ; 387.042604 ; 0.000002 ; 111.000000
152 ; 389.862305 ; 0.000002 ; 111.000000
153 ; 392.238635 ; 0.000002 ; 111.000000
154 ; 394.893551 ; 0.000002 ; 111.000000
155 ; 397.409676 ; 0.000002 ; 111.000000
156 ; 400.114393 ; 0.000002 ; 110.000000
157 ; 402.627631 ; 0.000002 ; 110.000000
158 ; 405.059282 ; 0.000002 ; 110.000000
159 ; 407.705705 ; 0.000002 ; 110.000000
160 ; 410.245257 ; 0.000002 ; 109.000000
161 ; 412.900766 ; 0.000002 ; 109.000000
162 ; 415.526784 ; 0.000002 ; 109.000000
163 ; 417.862575 ; 0.000002 ; 109.000000
164 ; 420.495292 ; 0.000002 ; 108.000000
165 ; 423.096501 ; 0.000002 ; 108.000000
166 ; 425.705519 ; 0.000002 ; 108.000000
167 ; 428.229232 ; 0.000002 ; 108.000000
168 ; 430.916189 ; 0.000002 ; 108.000000
169 ; 433.471352 ; 0.000002 ; 107.000000
170 ; 435.838691 ; 0.000002 ; 107.000000
171 ; 438.517837 ; 0.000002 ; 107.000000
172 ; 441.080281 ; 0.000002 ; 107.000000
173 ; 443.689725 ; 0.000002 ; 106.000000
174 ; 446.244194 ; 0.000002 ; 106.000000
175 ; 448.634897 ; 0.000002 ; 106.000000
176 ; 451.393154 ; 0.000002 ; 106.000000
177 ; 453.815654 ; 0.000002 ; 105.000000
178 ; 456.517659 ; 0.000002 ; 105.000000
179 ; 459.104141 ; 0.000002 ; 105.000000
180 ; 461.674567 ; 0.000002 ; 105.000000
181 ; 464.252199 ; 0.000002 ; 105.000000
182 ; 466.682514 ; 0.000002 ; 104.000000
183 ; 469.298763 ; 0.000002 ; 104.000000
184 ; 471.845748 ; 0.000002 ; 104.000000
185 ; 474.493924 ; 0.000002 ; 104.000000
186 ; 477.095303 ; 0.000002 ; 104.000000
187 ; 479.473646 ; 0.000002 ; 103.000000
188 ; 482.080935 ; 0.000002 ; 103.000000
189 ; 484.596056 ; 0.000001 ; 103.000000
190 ; 487.268036 ; 0.000002 ; 103.000000
191 ; 490.072366 ; 0.000002 ; 102.000000
192 ; 492.619225 ; 0.000002 ; 102.000000
193 ; 495.275587 ; 0.000002 ; 102.000000
194 ; 497.838588 ; 0.000002 ; 102.000000
195 ; 500.494096 ; 0.000002 ; 102.000000
196 ; 503.034618 ; 0.000002 ; 102.000000
197 ; 505.454284 ; 0.000002 ; 101.000000
198 ; 508.096218 ; 0.000002 ; 101.000000
199 ; 510.666091 ; 0.000002 ; 101.000000
200 ; 513.290391 ; 0.000002 ; 101.000000
201 ; 515.782958 ; 0.000001 ; 101.000000
202 ; 518.485839 ; 0.000002 ; 100.000000
203 ; 520.994050 ; 0.000002 ; 100.000000
204 ; 523.454756 ; 0.000002 ; 100.000000
205 ; 526.071960 ; 0.000002 ; 100.000000
206 ; 528.595463 ; 0.000001 ; 100.000000
207 ; 531.266951 ; 0.000002 ; 99.000000
208 ; 534.081525 ; 0.000001 ; 99.000000
209 ; 536.610782 ; 0.000002 ; 99.000000
210 ; 539.283344 ; 0.000002 ; 99.000000
211 ; 541.813625 ; 0.000001 ; 99.000000
212 ; 544.243720 ; 0.000002 ; 99.000000
213 ; 546.860684 ; 0.000002 ; 98.000000
214 ; 549.469796 ; 0.000002 ; 98.000000
215 ; 552.087564 ; 0.000002 ; 98.000000
216 ; 554.673519 ; 0.000002 ; 98.000000
217 ; 557.058109 ; 0.000002 ; 98.000000
218 ; 559.805640 ; 0.000001 ; 97.000000
219 ; 562.258877 ; 0.000002 ; 97.000000
220 ; 564.867796 ; 0.000002 ; 97.000000
221 ; 567.469644 ; 0.000002 ; 97.000000
222 ; 570.064062 ; 0.000001 ; 97.000000
223 ; 572.860946 ; 0.000002 ; 96.000000
224 ; 575.384586 ; 0.000001 ; 96.000000
225 ; 578.024261 ; 0.000001 ; 96.000000
226 ; 580.594880 ; 0.000002 ; 96.000000
227 ; 583.000938 ; 0.000002 ; 96.000000
228 ; 585.665208 ; 0.000002 ; 96.000000
229 ; 588.258141 ; 0.000001 ; 95.000000
230 ; 590.859653 ; 0.000002 ; 95.000000
231 ; 593.430901 ; 0.000002 ; 95.000000
232 ; 595.836984 ; 0.000002 ; 95.000000
233 ; 598.516245 ; 0.000001 ; 95.000000
234 ; 601.008171 ; 0.000001 ; 95.000000
235 ; 603.665671 ; 0.000002 ; 95.000000
236 ; 606.266986 ; 0.000002 ; 94.000000
237 ; 608.875623 ; 0.000002 ; 94.000000
238 ; 611.382867 ; 0.000001 ; 94.000000
239 ; 613.844095 ; 0.000001 ; 94.000000
240 ; 616.469298 ; 0.000002 ; 94.000000
241 ; 618.969495 ; 0.000002 ; 94.000000
242 ; 621.657291 ; 0.000002 ; 93.000000
243 ; 624.196470 ; 0.000002 ; 93.000000
244 ; 626.859314 ; 0.000001 ; 93.000000
245 ; 629.390507 ; 0.000001 ; 93.000000
246 ; 631.781713 ; 0.000002 ; 93.000000
247 ; 634.469246 ; 0.000002 ; 93.000000
248 ; 637.031531 ; 0.000002 ; 92.000000
249 ; 639.664935 ; 0.000002 ; 92.000000
250 ; 642.234695 ; 0.000001 ; 92.000000
251 ; 644.585980 ; 0.000001 ; 92.000000
252 ; 647.258032 ; 0.000002 ; 92.000000
253 ; 649.792763 ; 0.000002 ; 92.000000
254 ; 652.445575 ; 0.000002 ; 91.000000
255 ; 655.039245 ; 0.000002 ; 91.000000
256 ; 657.382756 ; 0.000001 ; 91.000000
257 ; 660.179440 ; 0.000001 ; 91.000000
258 ; 662.523158 ; 0.000001 ; 91.000000
259 ; 665.249780 ; 0.000001 ; 91.000000
260 ; 667.789101 ; 0.000002 ; 90.000000
261 ; 670.448589 ; 0.000002 ; 90.000000
262 ; 672.976625 ; 0.000002 ; 90.000000
263 ; 675.441472 ; 0.000002 ; 90.000000
264 ; 678.046811 ; 0.000002 ; 90.000000
265 ; 680.586029 ; 0.000002 ; 90.000000
266 ; 683.242793 ; 0.000002 ; 90.000000
267 ; 685.827772 ; 0.000002 ; 89.000000
268 ; 688.218395 ; 0.000001 ; 89.000000
269 ; 690.859060 ; 0.000001 ; 89.000000
270 ; 693.421636 ; 0.000001 ; 89.000000
271 ; 696.031341 ; 0.000001 ; 89.000000
272 ; 698.584762 ; 0.000001 ; 89.000000
273 ; 701.242909 ; 0.000001 ; 88.000000
274 ; 703.757251 ; 0.000001 ; 88.000000
275 ; 706.163516 ; 0.000001 ; 88.000000
276 ; 708.843319 ; 0.000001 ; 88.000000
277 ; 711.382711 ; 0.000001 ; 88.000000
278 ; 714.031263 ; 0.000001 ; 88.000000
279 ; 716.577041 ; 0.000001 ; 88.000000
280 ; 719.007197 ; 0.000001 ; 88.000000
281 ; 721.835294 ; 0.000002 ; 87.000000
282 ; 724.616402 ; 0.000002 ; 87.000000
283 ; 727.039778 ; 0.000002 ; 87.000000
284 ; 729.655680 ; 0.000002 ; 87.000000
285 ; 732.218173 ; 0.000002 ; 87.000000
286 ; 734.835380 ; 0.000002 ; 87.000000
287 ; 737.359249 ; 0.000001 ; 87.000000
288 ; 740.038195 ; 0.000001 ; 86.000000
289 ; 742.624520 ; 0.000001 ; 86.000000
290 ; 745.023002 ; 0.000001 ; 86.000000
291 ; 747.632237 ; 0.000001 ; 86.000000
292 ; 750.170818 ; 0.000001 ; 86.000000
293 ; 752.827638 ; 0.000001 ; 86.000000
294 ; 755.374550 ; 0.000001 ; 86.000000
295 ; 757.765782 ; 0.000001 ; 85.000000
296 ; 760.444770 ; 0.000001 ; 85.000000
297 ; 763.007396 ; 0.000002 ; 85.000000
298 ; 765.600907 ; 0.000002 ; 85.000000
299 ; 768.226516 ; 0.000002 ; 85.000000
300 ; 770.616533 ; 0.000002 ; 85.000000
301 ; 773.241145 ; 0.000002 ; 85.000000
302 ; 775.827020 ; 0.000002 ; 85.000000
303 ; 778.467184 ; 0.000001 ; 84.000000
304 ; 780.999393 ; 0.000001 ; 84.000000
305 ; 783.647279 ; 0.000002 ; 84.000000
306 ; 786.217813 ; 0.000002 ; 84.000000
307 ; 788.561040 ; 0.000001 ; 84.000000
308 ; 791.217684 ; 0.000002 ; 84.000000
309 ; 793.759402 ; 0.000002 ; 84.000000
310 ; 796.420279 ; 0.000001 ; 83.000000
311 ; 798.953246 ; 0.000002 ; 83.000000
312 ; 801.639533 ; 0.000001 ; 83.000000
313 ; 804.163074 ; 0.000001 ; 83.000000
314 ; 806.599652 ; 0.000002 ; 83.000000
315 ; 809.224996 ; 0.000002 ; 83.000000
316 ; 811.794970 ; 0.000002 ; 83.000000
317 ; 814.436143 ; 0.000002 ; 82.000000
318 ; 817.225250 ; 0.000001 ; 82.000000
319 ; 819.756590 ; 0.000001 ; 82.000000
320 ; 822.428366 ; 0.000002 ; 82.000000
321 ; 824.943780 ; 0.000002 ; 82.000000
322 ; 827.350120 ; 0.000002 ; 82.000000
323 ; 830.021817 ; 0.000002 ; 82.000000
324 ; 832.623054 ; 0.000002 ; 82.000000
325 ; 835.209896 ; 0.000002 ; 81.000000
326 ; 837.732872 ; 0.000002 ; 134.000000
327 ; 840.320914 ; 0.000002 ; 81.000000
328 ; 842.967475 ; 0.000002 ; 81.000000
329 ; 845.357674 ; 0.000002 ; 81.000000
330 ; 848.021563 ; 0.000002 ; 81.000000
331 ; 850.607596 ; 0.000001 ; 81.000000
332 ; 853.225366 ; 0.000001 ; 81.000000
333 ; 855.794521 ; 0.000001 ; 81.000000
334 ; 858.193856 ; 0.000001 ; 81.000000
335 ; 860.833741 ; 0.000001 ; 80.000000
336 ; 863.365072 ; 0.000001 ; 80.000000
337 ; 866.021253 ; 0.000001 ; 80.000000
338 ; 868.536993 ; 0.000001 ; 80.000000
339 ; 871.358146 ; 0.000001 ; 80.000000
340 ; 874.006060 ; 0.000001 ; 80.000000
341 ; 876.522132 ; 0.000001 ; 80.000000
342 ; 879.217180 ; 0.000001 ; 80.000000
343 ; 881.748028 ; 0.000001 ; 80.000000
344 ; 884.162605 ; 0.000002 ; 79.000000
345 ; 886.810630 ; 0.000002 ; 79.000000
346 ; 889.343065 ; 0.000002 ; 79.000000
347 ; 892.006447 ; 0.000002 ; 79.000000
348 ; 894.583626 ; 0.000001 ; 79.000000
349 ; 896.982595 ; 0.000001 ; 79.000000
350 ; 899.615682 ; 0.000001 ; 79.000000
351 ; 902.201852 ; 0.000001 ; 79.000000
352 ; 904.813694 ; 0.000001 ; 78.000000
353 ; 907.342811 ; 0.000002 ; 78.000000
354 ; 910.044424 ; 0.000002 ; 78.000000
355 ; 912.412129 ; 0.000002 ; 78.000000
356 ; 914.997688 ; 0.000001 ; 78.000000
357 ; 917.615072 ; 0.000001 ; 78.000000
358 ; 920.162022 ; 0.000001 ; 78.000000
359 ; 922.802094 ; 0.000001 ; 78.000000
360 ; 925.357345 ; 0.000002 ; 78.000000
361 ; 927.739862 ; 0.000002 ; 77.000000
362 ; 930.403655 ; 0.000002 ; 77.000000
363 ; 932.934828 ; 0.000001 ; 77.000000
364 ; 935.622779 ; 0.000001 ; 77.000000
365 ; 938.192913 ; 0.000001 ; 77.000000
366 ; 940.583267 ; 0.000001 ; 77.000000
367 ; 943.169292 ; 0.000002 ; 77.000000
368 ; 945.755199 ; 0.000002 ; 77.000000
369 ; 948.419350 ; 0.000001 ; 77.000000
370 ; 950.982149 ; 0.000001 ; 76.000000
371 ; 953.606578 ; 0.000001 ; 76.000000
372 ; 956.200721 ; 0.000002 ; 76.000000
373 ; 958.544135 ; 0.000002 ; 76.000000
374 ; 961.208503 ; 0.000001 ; 76.000000
375 ; 963.740513 ; 0.000001 ; 76.000000
376 ; 966.404169 ; 0.000001 ; 76.000000
377 ; 968.934577 ; 0.000002 ; 76.000000
378 ; 971.341525 ; 0.000002 ; 76.000000
379 ; 974.114144 ; 0.000001 ; 75.000000
380 ; 976.536324 ; 0.000001 ; 75.000000
381 ; 979.216324 ; 0.000001 ; 75.000000
382 ; 981.770657 ; 0.000002 ; 75.000000
383 ; 984.404199 ; 0.000002 ; 75.000000
384 ; 986.974082 ; 0.000001 ; 75.000000
385 ; 989.608090 ; 0.000001 ; 75.000000
386 ; 992.388662 ; 0.000001 ; 75.000000
387 ; 994.973933 ; 0.000001 ; 75.000000
388 ; 997.324923 ; 0.000001 ; 75.000000
389 ; 999.981376 ; 0.000002 ; 75.000000
390 ; 1002.543763 ; 0.000001 ; 75.000000
391 ; 1005.200340 ; 0.000001 ; 74.000000
392 ; 1007.731106 ; 0.000001 ; 74.000000
393 ; 1010.388164 ; 0.000002 ; 74.000000
394 ; 1012.942613 ; 0.000001 ; 74.000000
395 ; 1015.333109 ; 0.000001 ; 74.000000
396 ; 1017.989297 ; 0.000001 ; 74.000000
397 ; 1020.543857 ; 0.000002 ; 74.000000
398 ; 1022.942130 ; 0.000001 ; 74.000000
399 ; 1025.317385 ; 0.000001 ; 74.000000
400 ; 1028.012470 ; 0.000002 ; 74.000000
401 ; 1030.567083 ; 0.000001 ; 73.000000
402 ; 1032.981317 ; 0.000001 ; 73.000000
403 ; 1035.598584 ; 0.000001 ; 73.000000
404 ; 1038.153028 ; 0.000002 ; 73.000000
405 ; 1040.793671 ; 0.000001 ; 73.000000
406 ; 1043.590713 ; 0.000001 ; 73.000000
407 ; 1046.122478 ; 0.000001 ; 73.000000
408 ; 1048.793070 ; 0.000002 ; 73.000000
409 ; 1051.333747 ; 0.000001 ; 73.000000
410 ; 1054.005878 ; 0.000001 ; 73.000000
411 ; 1056.536387 ; 0.000002 ; 72.000000
412 ; 1058.926844 ; 0.000001 ; 72.000000
413 ; 1061.582031 ; 0.000001 ; 72.000000
414 ; 1064.066862 ; 0.000001 ; 72.000000
415 ; 1066.810324 ; 0.000001 ; 72.000000
416 ; 1069.309247 ; 0.000001 ; 72.000000
417 ; 1071.762306 ; 0.000001 ; 72.000000
418 ; 1074.387890 ; 0.000001 ; 72.000000
419 ; 1076.980986 ; 0.000001 ; 72.000000
420 ; 1079.605951 ; 0.000002 ; 72.000000
421 ; 1082.160466 ; 0.000001 ; 72.000000
422 ; 1084.519945 ; 0.000001 ; 71.000000
423 ; 1087.582875 ; 0.000001 ; 71.000000
424 ; 1090.121242 ; 0.000001 ; 71.000000
425 ; 1092.785228 ; 0.000001 ; 71.000000
426 ; 1095.316480 ; 0.000002 ; 71.000000
427 ; 1097.699617 ; 0.000001 ; 71.000000
428 ; 1100.379643 ; 0.000001 ; 71.000000
429 ; 1102.917291 ; 0.000001 ; 71.000000
430 ; 1105.582999 ; 0.000001 ; 71.000000
431 ; 1108.097915 ; 0.000002 ; 71.000000
432 ; 1110.527578 ; 0.000001 ; 70.000000
433 ; 1113.191339 ; 0.000002 ; 70.000000
434 ; 1115.753661 ; 0.000001 ; 70.000000
435 ; 1118.387076 ; 0.000001 ; 70.000000
436 ; 1120.957684 ; 0.000001 ; 70.000000
437 ; 1123.582498 ; 0.000001 ; 70.000000
438 ; 1126.144605 ; 0.000001 ; 70.000000
439 ; 1128.511943 ; 0.000001 ; 70.000000
440 ; 1131.160359 ; 0.000001 ; 70.000000
441 ; 1133.722894 ; 0.000001 ; 70.000000
442 ; 1136.371609 ; 0.000001 ; 70.000000
443 ; 1138.902472 ; 0.000001 ; 69.000000
444 ; 1141.308668 ; 0.000001 ; 69.000000
445 ; 1143.972506 ; 0.000001 ; 69.000000
446 ; 1146.769810 ; 0.000002 ; 69.000000
447 ; 1149.308701 ; 0.000001 ; 69.000000
448 ; 1151.980161 ; 0.000001 ; 69.000000
449 ; 1154.551591 ; 0.000001 ; 69.000000
450 ; 1157.168227 ; 0.000001 ; 69.000000
451 ; 1159.746358 ; 0.000001 ; 69.000000
452 ; 1162.151930 ; 0.000001 ; 69.000000
453 ; 1164.964576 ; 0.000001 ; 69.000000
454 ; 1167.316256 ; 0.000001 ; 69.000000
455 ; 1170.105542 ; 0.000002 ; 69.000000
456 ; 1172.511832 ; 0.000001 ; 69.000000
457 ; 1175.175425 ; 0.000001 ; 69.000000
458 ; 1177.706913 ; 0.000001 ; 68.000000
459 ; 1180.089050 ; 0.000001 ; 68.000000
460 ; 1182.886220 ; 0.000001 ; 68.000000
461 ; 1185.292125 ; 0.000001 ; 68.000000
462 ; 1187.972847 ; 0.000001 ; 68.000000
463 ; 1190.511879 ; 0.000002 ; 68.000000
464 ; 1192.870753 ; 0.000001 ; 68.000000
465 ; 1195.308524 ; 0.000001 ; 68.000000
466 ; 1197.979324 ; 0.000001 ; 68.000000
467 ; 1200.394251 ; 0.000002 ; 68.000000
468 ; 1202.942320 ; 0.000001 ; 68.000000
469 ; 1205.573380 ; 0.000001 ; 68.000000
470 ; 1208.136654 ; 0.000001 ; 67.000000
471 ; 1210.770186 ; 0.000001 ; 67.000000
472 ; 1213.285208 ; 0.000001 ; 67.000000
473 ; 1215.698997 ; 0.000001 ; 67.000000
474 ; 1218.480006 ; 0.000001 ; 67.000000
475 ; 1220.902029 ; 0.000001 ; 67.000000
476 ; 1223.690962 ; 0.000001 ; 67.000000
477 ; 1226.479862 ; 0.000002 ; 67.000000
478 ; 1228.885982 ; 0.000001 ; 67.000000
479 ; 1231.542143 ; 0.000001 ; 67.000000
480 ; 1234.089917 ; 0.000001 ; 67.000000
481 ; 1236.769288 ; 0.000001 ; 67.000000
482 ; 1239.300343 ; 0.000001 ; 67.000000
483 ; 1241.738062 ; 0.000001 ; 66.000000
484 ; 1244.362857 ; 0.000002 ; 66.000000
485 ; 1246.932515 ; 0.000001 ; 66.000000
486 ; 1249.558093 ; 0.000001 ; 66.000000
487 ; 1252.143387 ; 0.000001 ; 66.000000
488 ; 1254.495684 ; 0.000002 ; 66.000000
489 ; 1257.292168 ; 0.000001 ; 66.000000
490 ; 1259.691100 ; 0.000001 ; 66.000000
491 ; 1262.394280 ; 0.000001 ; 66.000000
492 ; 1264.893522 ; 0.000001 ; 66.000000
493 ; 1267.557759 ; 0.000001 ; 66.000000
494 ; 1270.096872 ; 0.000001 ; 66.000000
495 ; 1272.448115 ; 0.000001 ; 66.000000
496 ; 1275.162821 ; 0.000001 ; 65.000000
497 ; 1277.698521 ; 0.000001 ; 65.000000
498 ; 1280.354868 ; 0.000001 ; 65.000000
499 ; 1282.893746 ; 0.000001 ; 65.000000
500 ; 1285.323364 ; 0.000001 ; 65.000000
501 ; 1287.925094 ; 0.000001 ; 65.000000
502 ; 1290.542156 ; 0.000001 ; 65.000000
503 ; 1293.163407 ; 0.000001 ; 65.000000
504 ; 1295.728862 ; 0.000001 ; 65.000000
505 ; 1298.354206 ; 0.000001 ; 65.000000
506 ; 1300.877515 ; 0.000001 ; 65.000000
507 ; 1303.557588 ; 0.000002 ; 65.000000
508 ; 1306.354970 ; 0.000001 ; 65.000000
509 ; 1308.877492 ; 0.000001 ; 64.000000
510 ; 1311.261187 ; 0.000001 ; 64.000000
511 ; 1313.948164 ; 0.000001 ; 64.000000
512 ; 1316.737443 ; 0.000001 ; 64.000000
513 ; 1319.269788 ; 0.000001 ; 64.000000
514 ; 1321.940223 ; 0.000001 ; 64.000000
515 ; 1324.471141 ; 0.000001 ; 64.000000
516 ; 1327.167110 ; 0.000001 ; 64.000000
517 ; 1329.714032 ; 0.000001 ; 64.000000
518 ; 1332.120040 ; 0.000001 ; 64.000000
519 ; 1334.737423 ; 0.000001 ; 64.000000
520 ; 1337.315336 ; 0.000001 ; 64.000000
521 ; 1339.932224 ; 0.000001 ; 64.000000
522 ; 1342.478780 ; 0.000001 ; 64.000000
523 ; 1345.142976 ; 0.000001 ; 63.000000
524 ; 1347.667181 ; 0.000001 ; 63.000000
525 ; 1350.060854 ; 0.000001 ; 63.000000
526 ; 1352.877648 ; 0.000001 ; 63.000000
527 ; 1355.252077 ; 0.000001 ; 63.000000
528 ; 1357.932999 ; 0.000001 ; 63.000000
529 ; 1360.463461 ; 0.000001 ; 63.000000
530 ; 1362.868985 ; 0.000001 ; 63.000000
531 ; 1365.932214 ; 0.000001 ; 63.000000
532 ; 1368.744415 ; 0.000001 ; 63.000000
533 ; 1371.284956 ; 0.000001 ; 63.000000
534 ; 1373.940421 ; 0.000001 ; 63.000000
535 ; 1376.510503 ; 0.000001 ; 63.000000
536 ; 1378.916951 ; 0.000001 ; 63.000000
537 ; 1381.728783 ; 0.000001 ; 63.000000
538 ; 1384.072874 ; 0.000001 ; 62.000000
539 ; 1386.736736 ; 0.000001 ; 62.000000
540 ; 1389.268219 ; 0.000001 ; 62.000000
541 ; 1391.924193 ; 0.000001 ; 62.000000
542 ; 1394.486744 ; 0.000001 ; 62.000000
543 ; 1396.871020 ; 0.000001 ; 62.000000
544 ; 1399.651096 ; 0.000001 ; 62.000000
545 ; 1402.057431 ; 0.000001 ; 62.000000
546 ; 1404.728383 ; 0.000001 ; 62.000000
547 ; 1407.276008 ; 0.000001 ; 62.000000
548 ; 1410.057047 ; 0.000001 ; 62.000000
549 ; 1412.744450 ; 0.000001 ; 62.000000
550 ; 1415.275691 ; 0.000001 ; 62.000000
551 ; 1417.932825 ; 0.000001 ; 62.000000
552 ; 1420.509936 ; 0.000001 ; 62.000000
553 ; 1422.901200 ; 0.000001 ; 62.000000
554 ; 1425.525955 ; 0.000001 ; 62.000000
555 ; 1428.072739 ; 0.000001 ; 62.000000
556 ; 1430.870936 ; 0.000001 ; 61.000000
557 ; 1433.564547 ; 0.000001 ; 61.000000
558 ; 1436.056818 ; 0.000001 ; 61.000000
559 ; 1438.729385 ; 0.000001 ; 61.000000
560 ; 1441.252027 ; 0.000001 ; 61.000000
561 ; 1443.650892 ; 0.000001 ; 61.000000
562 ; 1446.490155 ; 0.000001 ; 61.000000
563 ; 1448.877169 ; 0.000001 ; 61.000000
564 ; 1451.525625 ; 0.000001 ; 61.000000
565 ; 1454.048787 ; 0.000001 ; 61.000000
566 ; 1456.736362 ; 0.000001 ; 61.000000
567 ; 1459.267939 ; 0.000001 ; 61.000000
568 ; 1461.705785 ; 0.000001 ; 61.000000
569 ; 1464.329833 ; 0.000001 ; 61.000000
570 ; 1466.868968 ; 0.000001 ; 61.000000
571 ; 1469.549146 ; 0.000001 ; 61.000000
572 ; 1472.059599 ; 0.000002 ; 60.000000
573 ; 1474.463423 ; 0.000001 ; 60.000000
574 ; 1477.126752 ; 0.000001 ; 60.000000
575 ; 1479.665822 ; 0.000001 ; 60.000000
576 ; 1482.329912 ; 0.000001 ; 60.000000
577 ; 1484.884984 ; 0.000001 ; 60.000000
578 ; 1487.533533 ; 0.000001 ; 60.000000
579 ; 1490.056520 ; 0.000001 ; 60.000000
580 ; 1492.474777 ; 0.000001 ; 60.000000
581 ; 1495.134910 ; 0.000001 ; 60.000000
582 ; 1497.659655 ; 0.000001 ; 60.000000
583 ; 1500.362181 ; 0.000001 ; 60.000000
584 ; 1502.901545 ; 0.000001 ; 60.000000
585 ; 1505.322430 ; 0.000001 ; 60.000000
586 ; 1507.931490 ; 0.000001 ; 60.000000
587 ; 1510.517661 ; 0.000001 ; 60.000000
588 ; 1513.158140 ; 0.000001 ; 59.000000
589 ; 1515.666101 ; 0.000001 ; 59.000000
590 ; 1518.057061 ; 0.000001 ; 59.000000
591 ; 1520.845688 ; 0.000001 ; 59.000000
592 ; 1523.251891 ; 0.000001 ; 59.000000
593 ; 1525.931891 ; 0.000001 ; 59.000000
594 ; 1528.478394 ; 0.000001 ; 59.000000
595 ; 1531.129905 ; 0.000001 ; 59.000000
596 ; 1533.627978 ; 0.000001 ; 59.000000
597 ; 1536.072041 ; 0.000001 ; 59.000000
598 ; 1538.720460 ; 0.000001 ; 59.000000
599 ; 1541.244423 ; 0.000001 ; 59.000000
600 ; 1543.939656 ; 0.000001 ; 59.000000
601 ; 1546.455040 ; 0.000001 ; 59.000000
602 ; 1548.876374 ; 0.000001 ; 59.000000
603 ; 1551.533091 ; 0.000001 ; 59.000000
604 ; 1554.104167 ; 0.000001 ; 59.000000
605 ; 1556.720733 ; 0.000001 ; 58.000000
606 ; 1559.260176 ; 0.000001 ; 58.000000
607 ; 1561.650457 ; 0.000001 ; 58.000000
608 ; 1564.446437 ; 0.000001 ; 58.000000
609 ; 1567.126788 ; 0.000001 ; 58.000000
610 ; 1569.923349 ; 0.000001 ; 58.000000
611 ; 1572.447059 ; 0.000001 ; 58.000000
612 ; 1574.845623 ; 0.000001 ; 58.000000
613 ; 1577.649968 ; 0.000001 ; 58.000000
614 ; 1580.059192 ; 0.000001 ; 58.000000
615 ; 1582.714480 ; 0.000001 ; 58.000000
616 ; 1585.205173 ; 0.000001 ; 58.000000
617 ; 1587.665906 ; 0.000001 ; 58.000000
618 ; 1590.306045 ; 0.000001 ; 58.000000
619 ; 1592.876690 ; 0.000001 ; 58.000000
620 ; 1595.533675 ; 0.000002 ; 58.000000
621 ; 1598.080605 ; 0.000001 ; 58.000000
622 ; 1600.517652 ; 0.000001 ; 58.000000
623 ; 1603.259637 ; 0.000001 ; 58.000000
624 ; 1605.649516 ; 0.000001 ; 58.000000
625 ; 1608.298613 ; 0.000001 ; 57.000000
626 ; 1610.837502 ; 0.000001 ; 57.000000
627 ; 1613.517148 ; 0.000001 ; 57.000000
628 ; 1616.056643 ; 0.000001 ; 57.000000
629 ; 1618.415458 ; 0.000001 ; 57.000000
630 ; 1621.102631 ; 0.000001 ; 57.000000
631 ; 1623.915841 ; 0.000001 ; 57.000000
632 ; 1626.455016 ; 0.000001 ; 57.000000
633 ; 1629.097588 ; 0.000001 ; 57.000000
634 ; 1631.657658 ; 0.000001 ; 57.000000
635 ; 1634.313779 ; 0.000001 ; 57.000000
636 ; 1636.860819 ; 0.000001 ; 57.000000
637 ; 1639.282382 ; 0.000001 ; 57.000000
638 ; 1641.938391 ; 0.000001 ; 57.000000
639 ; 1644.539947 ; 0.000001 ; 57.000000
640 ; 1647.102607 ; 0.000001 ; 57.000000
641 ; 1649.642694 ; 0.000001 ; 57.000000
642 ; 1652.290005 ; 0.000001 ; 56.000000
643 ; 1654.837180 ; 0.000001 ; 56.000000
644 ; 1657.227997 ; 0.000001 ; 56.000000
645 ; 1659.923307 ; 0.000001 ; 56.000000
646 ; 1662.431275 ; 0.000001 ; 56.000000
647 ; 1665.095247 ; 0.000001 ; 56.000000
648 ; 1667.634322 ; 0.000001 ; 56.000000
649 ; 1670.074263 ; 0.000001 ; 56.000000
650 ; 1672.860505 ; 0.000001 ; 56.000000
651 ; 1675.251060 ; 0.000001 ; 56.000000
652 ; 1677.907170 ; 0.000001 ; 56.000000
653 ; 1680.485739 ; 0.000001 ; 56.000000
654 ; 1682.884586 ; 0.000001 ; 56.000000
655 ; 1685.524405 ; 0.000001 ; 56.000000
656 ; 1688.110212 ; 0.000001 ; 56.000000
657 ; 1690.712349 ; 0.000001 ; 56.000000
658 ; 1693.250982 ; 0.000001 ; 56.000000
659 ; 1695.907401 ; 0.000001 ; 56.000000
660 ; 1698.415106 ; 0.000001 ; 56.000000
661 ; 1700.852876 ; 0.000001 ; 56.000000
662 ; 1703.625560 ; 0.000001 ; 55.000000
663 ; 1706.282012 ; 0.000001 ; 55.000000
664 ; 1708.828561 ; 0.000001 ; 55.000000
665 ; 1711.485351 ; 0.000001 ; 55.000000
666 ; 1714.008305 ; 0.000001 ; 55.000000
667 ; 1716.688264 ; 0.000001 ; 55.000000
668 ; 1719.258686 ; 0.000001 ; 55.000000
669 ; 1721.688498 ; 0.000001 ; 55.000000
670 ; 1724.313441 ; 0.000001 ; 55.000000
671 ; 1726.844305 ; 0.000001 ; 55.000000
672 ; 1729.469307 ; 0.000001 ; 55.000000
673 ; 1732.017180 ; 0.000001 ; 55.000000
674 ; 1734.688194 ; 0.000001 ; 55.000000
675 ; 1737.235836 ; 0.000001 ; 55.000000
676 ; 1739.633471 ; 0.000001 ; 55.000000
677 ; 1742.407010 ; 0.000001 ; 55.000000
678 ; 1744.805836 ; 0.000001 ; 55.000000
679 ; 1747.477198 ; 0.000001 ; 55.000000
680 ; 1750.010072 ; 0.000001 ; 55.000000
681 ; 1752.415824 ; 0.000001 ; 55.000000
682 ; 1755.211512 ; 0.000001 ; 54.000000
683 ; 1757.633787 ; 0.000001 ; 54.000000
684 ; 1760.312962 ; 0.000001 ; 54.000000
685 ; 1762.797432 ; 0.000001 ; 54.000000
686 ; 1765.281990 ; 0.000001 ; 54.000000
687 ; 1767.891178 ; 0.000001 ; 54.000000
688 ; 1770.461133 ; 0.000001 ; 54.000000
689 ; 1773.110356 ; 0.000001 ; 54.000000
690 ; 1775.672780 ; 0.000001 ; 54.000000
691 ; 1778.281462 ; 0.000001 ; 54.000000
692 ; 1780.805367 ; 0.000001 ; 54.000000
693 ; 1783.211049 ; 0.000001 ; 54.000000
694 ; 1785.900581 ; 0.000001 ; 54.000000
695 ; 1788.430089 ; 0.000001 ; 54.000000
696 ; 1791.071235 ; 0.000001 ; 54.000000
697 ; 1793.587756 ; 0.000001 ; 54.000000
698 ; 1796.008636 ; 0.000001 ; 54.000000
699 ; 1799.080454 ; 0.000001 ; 54.000000
700 ; 1801.876513 ; 0.000001 ; 54.000000
701 ; 1804.418392 ; 0.000001 ; 54.000000
