1 ; 0.015017 ; 0.000003 ; 55.000000
2 ; 2.879872 ; 0.000002 ; 56.000000
3 ; 5.629736 ; 0.000002 ; 56.000000
4 ; 8.262223 ; 0.000003 ; 56.000000
5 ; 10.779317 ; 0.000003 ; 57.000000
6 ; 13.434899 ; 0.000003 ; 57.000000
7 ; 16.246588 ; 0.000002 ; 57.000000
8 ; 18.769978 ; 0.000003 ; 58.000000
9 ; 21.169249 ; 0.000002 ; 58.000000
10 ; 23.965273 ; 0.000003 ; 58.000000
11 ; 26.379305 ; 0.000003 ; 59.000000
12 ; 29.044479 ; 0.000003 ; 59.000000
13 ; 31.840271 ; 0.000003 ; 60.000000
14 ; 34.371102 ; 0.000003 ; 60.000000
15 ; 37.043579 ; 0.000003 ; 60.000000
16 ; 39.606049 ; 0.000003 ; 61.000000
17 ; 42.027606 ; 0.000003 ; 61.000000
18 ; 44.801800 ; 0.000003 ; 62.000000
19 ; 47.442060 ; 0.000003 ; 62.000000
20 ; 50.253986 ; 0.000003 ; 62.000000
21 ; 52.763588 ; 0.000003 ; 63.000000
22 ; 55.199483 ; 0.000003 ; 63.000000
23 ; 57.848205 ; 0.000003 ; 64.000000
24 ; 60.387295 ; 0.000003 ; 64.000000
25 ; 62.785363 ; 0.000004 ; 64.000000
26 ; 65.558850 ; 0.000003 ; 65.000000
27 ; 67.957646 ; 0.000003 ; 65.000000
28 ; 70.639200 ; 0.000003 ; 66.000000
29 ; 73.176050 ; 0.000003 ; 66.000000
30 ; 75.831898 ; 0.000003 ; 67.000000
31 ; 78.363659 ; 0.000003 ; 67.000000
32 ; 80.793383 ; 0.000004 ; 68.000000
33 ; 83.442017 ; 0.000004 ; 68.000000
34 ; 86.004346 ; 0.000004 ; 68.000000
35 ; 88.637426 ; 0.000004 ; 69.000000
36 ; 91.215431 ; 0.000004 ; 69.000000
37 ; 93.558906 ; 0.000004 ; 70.000000
38 ; 96.238920 ; 0.000004 ; 70.000000
39 ; 98.753866 ; 0.000004 ; 70.000000
40 ; 101.418304 ; 0.000004 ; 71.000000
41 ; 104.004408 ; 0.000004 ; 71.000000
42 ; 106.371264 ; 0.000004 ; 72.000000
43 ; 109.191990 ; 0.000004 ; 72.000000
44 ; 111.574741 ; 0.000004 ; 73.000000
45 ; 114.224321 ; 0.000004 ; 73.000000
46 ; 116.738948 ; 0.000004 ; 74.000000
47 ; 119.449347 ; 0.000004 ; 74.000000
48 ; 121.940970 ; 0.000004 ; 74.000000
49 ; 124.371053 ; 0.000004 ; 75.000000
50 ; 127.051766 ; 0.000004 ; 75.000000
51 ; 129.613385 ; 0.000004 ; 76.000000
52 ; 132.230575 ; 0.000004 ; 76.000000
53 ; 134.832166 ; 0.000004 ; 76.000000
54 ; 137.214924 ; 0.000004 ; 77.000000
55 ; 139.855130 ; 0.000004 ; 77.000000
56 ; 142.348283 ; 0.000004 ; 78.000000
57 ; 145.035551 ; 0.000004 ; 78.000000
58 ; 147.535663 ; 0.000004 ; 79.000000
59 ; 149.964873 ; 0.000004 ; 79.000000
60 ; 152.629119 ; 0.000005 ; 80.000000
61 ; 155.160104 ; 0.000004 ; 80.000000
62 ; 157.817147 ; 0.000004 ; 81.000000
63 ; 160.621811 ; 0.000005 ; 81.000000
64 ; 163.176435 ; 0.000004 ; 81.000000
65 ; 165.824491 ; 0.000005 ; 82.000000
66 ; 168.348460 ; 0.000005 ; 82.000000
67 ; 170.801781 ; 0.000005 ; 83.000000
68 ; 173.433570 ; 0.000005 ; 83.000000
69 ; 175.988200 ; 0.000005 ; 83.000000
70 ; 178.645546 ; 0.000005 ; 84.000000
71 ; 181.144941 ; 0.000005 ; 84.000000
72 ; 183.816558 ; 0.000005 ; 85.000000
73 ; 186.363878 ; 0.000005 ; 85.000000
74 ; 188.785328 ; 0.000005 ; 86.000000
75 ; 191.425875 ; 0.000005 ; 86.000000
76 ; 193.942013 ; 0.000005 ; 87.000000
77 ; 196.614472 ; 0.000005 ; 87.000000
78 ; 199.161323 ; 0.000005 ; 87.000000
79 ; 201.550747 ; 0.000005 ; 88.000000
80 ; 204.184069 ; 0.000005 ; 88.000000
81 ; 206.749455 ; 0.000005 ; 88.000000
82 ; 209.426254 ; 0.000005 ; 89.000000
83 ; 211.956814 ; 0.000005 ; 89.000000
84 ; 214.427512 ; 0.000005 ; 90.000000
85 ; 217.018881 ; 0.000005 ; 90.000000
86 ; 219.597140 ; 0.000005 ; 91.000000
87 ; 222.221983 ; 0.000005 ; 91.000000
88 ; 224.753701 ; 0.000005 ; 91.000000
89 ; 227.409698 ; 0.000005 ; 92.000000
90 ; 229.815706 ; 0.000005 ; 92.000000
91 ; 232.331589 ; 0.000005 ; 93.000000
92 ; 235.010935 ; 0.000005 ; 93.000000
93 ; 237.516044 ; 0.000008 ; 94.000000
94 ; 240.206413 ; 0.000009 ; 94.000000
95 ; 242.745212 ; 0.000009 ; 94.000000
96 ; 245.158890 ; 0.000009 ; 95.000000
97 ; 247.855153 ; 0.000010 ; 95.000000
98 ; 250.347451 ; 0.000009 ; 95.000000
99 ; 253.011475 ; 0.000006 ; 96.000000
100 ; 255.558021 ; 0.000009 ; 96.000000
101 ; 258.010696 ; 0.000010 ; 97.000000
102 ; 260.620213 ; 0.000009 ; 97.000000
103 ; 263.190206 ; 0.000008 ; 97.000000
104 ; 265.800597 ; 0.000007 ; 98.000000
105 ; 268.385819 ; 0.000007 ; 98.000000
106 ; 270.792403 ; 0.000007 ; 99.000000
107 ; 273.589325 ; 0.000005 ; 99.000000
108 ; 276.018865 ; 0.000005 ; 99.000000
109 ; 278.619975 ; 0.000006 ; 100.000000
110 ; 281.143590 ; 0.000008 ; 100.000000
111 ; 283.799915 ; 0.000009 ; 101.000000
112 ; 286.292780 ; 0.000009 ; 101.000000
113 ; 288.721312 ; 0.000008 ; 101.000000
114 ; 291.393427 ; 0.000009 ; 102.000000
115 ; 293.932782 ; 0.000008 ; 102.000000
116 ; 296.737019 ; 0.000009 ; 102.000000
117 ; 299.409370 ; 0.000007 ; 103.000000
118 ; 301.978526 ; 0.000007 ; 103.000000
119 ; 304.627473 ; 0.000006 ; 103.000000
120 ; 307.182146 ; 0.000007 ; 104.000000
121 ; 309.595950 ; 0.000006 ; 104.000000
122 ; 312.205146 ; 0.000008 ; 105.000000
123 ; 314.775773 ; 0.000007 ; 105.000000
124 ; 317.408675 ; 0.000005 ; 105.000000
125 ; 319.932255 ; 0.000008 ; 106.000000
126 ; 322.354172 ; 0.000008 ; 106.000000
127 ; 325.002470 ; 0.000008 ; 107.000000
128 ; 327.580837 ; 0.000006 ; 107.000000
129 ; 330.166562 ; 0.000006 ; 107.000000
130 ; 332.736059 ; 0.000006 ; 108.000000
131 ; 335.384440 ; 0.000008 ; 108.000000
132 ; 337.931790 ; 0.000006 ; 108.000000
133 ; 340.345317 ; 0.000008 ; 109.000000
134 ; 343.009814 ; 0.000007 ; 109.000000
135 ; 345.556658 ; 0.000007 ; 109.000000
136 ; 348.197300 ; 0.000008 ; 110.000000
137 ; 350.775644 ; 0.000008 ; 110.000000
138 ; 353.127298 ; 0.000007 ; 111.000000
139 ; 355.806977 ; 0.000007 ; 111.000000
140 ; 358.338420 ; 0.000006 ; 111.000000
141 ; 361.024591 ; 0.000006 ; 111.000000
142 ; 363.533297 ; 0.000006 ; 112.000000
143 ; 365.955084 ; 0.000006 ; 112.000000
144 ; 368.580310 ; 0.000006 ; 112.000000
145 ; 371.189315 ; 0.000006 ; 113.000000
146 ; 373.790797 ; 0.000006 ; 113.000000
147 ; 376.314046 ; 0.000006 ; 113.000000
148 ; 378.743665 ; 0.000006 ; 114.000000
149 ; 381.798798 ; 0.000006 ; 114.000000
150 ; 384.322103 ; 0.000007 ; 114.000000
151 ; 386.735848 ; 0.000007 ; 115.000000
152 ; 389.391893 ; 0.000007 ; 115.000000
153 ; 391.908418 ; 0.000008 ; 116.000000
154 ; 394.619339 ; 0.000008 ; 116.000000
155 ; 397.181144 ; 0.000007 ; 116.000000
156 ; 399.798449 ; 0.000006 ; 116.000000
157 ; 402.321741 ; 0.000006 ; 117.000000
158 ; 404.759815 ; 0.000006 ; 117.000000
159 ; 407.399659 ; 0.000006 ; 117.000000
160 ; 409.938913 ; 0.000007 ; 118.000000
161 ; 412.595336 ; 0.000007 ; 118.000000
162 ; 415.126492 ; 0.000006 ; 118.000000
163 ; 417.502159 ; 0.000006 ; 119.000000
164 ; 420.212588 ; 0.000005 ; 119.000000
165 ; 422.735772 ; 0.000008 ; 119.000000
166 ; 425.376052 ; 0.000008 ; 120.000000
167 ; 427.922792 ; 0.000008 ; 120.000000
168 ; 430.321603 ; 0.000008 ; 120.000000
169 ; 433.008875 ; 0.000007 ; 120.000000
170 ; 435.571763 ; 0.000006 ; 121.000000
171 ; 438.220340 ; 0.000006 ; 121.000000
172 ; 440.767086 ; 0.000006 ; 121.000000
173 ; 443.102427 ; 0.000007 ; 122.000000
174 ; 445.501592 ; 0.000006 ; 122.000000
175 ; 447.947044 ; 0.000005 ; 122.000000
176 ; 450.602855 ; 0.000005 ; 123.000000
177 ; 453.376611 ; 0.000006 ; 123.000000
178 ; 456.172909 ; 0.000006 ; 123.000000
179 ; 458.704140 ; 0.000005 ; 123.000000
180 ; 461.111016 ; 0.000005 ; 124.000000
181 ; 463.782453 ; 0.000005 ; 124.000000
182 ; 466.314170 ; 0.000005 ; 124.000000
183 ; 468.978312 ; 0.000005 ; 125.000000
184 ; 471.516998 ; 0.000005 ; 125.000000
185 ; 473.892071 ; 0.000005 ; 125.000000
186 ; 476.587710 ; 0.000005 ; 125.000000
187 ; 479.141739 ; 0.000005 ; 126.000000
188 ; 481.821866 ; 0.000005 ; 126.000000
189 ; 484.368787 ; 0.000005 ; 126.000000
190 ; 486.696717 ; 0.000005 ; 127.000000
191 ; 489.509058 ; 0.000005 ; 127.000000
192 ; 491.993687 ; 0.000005 ; 127.000000
193 ; 494.587902 ; 0.000005 ; 127.000000
194 ; 497.149543 ; 0.000005 ; 128.000000
195 ; 499.785379 ; 0.000005 ; 128.000000
196 ; 502.305569 ; 0.000005 ; 128.000000
197 ; 504.704459 ; 0.000005 ; 128.000000
198 ; 507.384332 ; 0.000005 ; 129.000000
199 ; 509.908378 ; 0.000005 ; 129.000000
200 ; 512.571289 ; 0.000005 ; 129.000000
201 ; 515.094604 ; 0.000005 ; 130.000000
202 ; 517.508652 ; 0.000005 ; 130.000000
203 ; 520.158399 ; 0.000005 ; 130.000000
204 ; 522.758586 ; 0.000005 ; 130.000000
205 ; 525.385218 ; 0.000005 ; 131.000000
206 ; 527.954080 ; 0.000005 ; 131.000000
207 ; 530.345084 ; 0.000005 ; 131.000000
208 ; 532.977317 ; 0.000005 ; 131.000000
209 ; 535.496831 ; 0.000005 ; 132.000000
210 ; 538.173210 ; 0.000005 ; 132.000000
211 ; 540.696713 ; 0.000005 ; 132.000000
212 ; 543.173261 ; 0.000005 ; 132.000000
213 ; 545.915636 ; 0.000005 ; 133.000000
214 ; 548.290115 ; 0.000005 ; 133.000000
215 ; 550.961619 ; 0.000005 ; 133.000000
216 ; 553.493791 ; 0.000005 ; 133.000000
217 ; 556.142104 ; 0.000005 ; 133.000000
218 ; 558.961968 ; 0.000005 ; 133.000000
219 ; 561.509050 ; 0.000005 ; 134.000000
220 ; 563.947446 ; 0.000005 ; 134.000000
221 ; 566.563326 ; 0.000005 ; 134.000000
222 ; 569.141245 ; 0.000005 ; 135.000000
223 ; 571.805632 ; 0.000005 ; 135.000000
224 ; 574.293406 ; 0.000005 ; 135.000000
225 ; 576.969323 ; 0.000005 ; 135.000000
226 ; 579.453243 ; 0.000005 ; 135.000000
227 ; 581.907346 ; 0.000005 ; 136.000000
228 ; 584.579121 ; 0.000005 ; 136.000000
229 ; 587.096224 ; 0.000005 ; 136.000000
230 ; 589.751812 ; 0.000005 ; 136.000000
231 ; 592.273858 ; 0.000005 ; 136.000000
232 ; 594.688884 ; 0.000005 ; 137.000000
233 ; 597.751831 ; 0.000005 ; 137.000000
234 ; 600.318050 ; 0.000005 ; 137.000000
235 ; 602.674727 ; 0.000005 ; 137.000000
236 ; 605.383747 ; 0.000005 ; 137.000000
237 ; 607.954940 ; 0.000005 ; 138.000000
238 ; 610.524960 ; 0.000005 ; 138.000000
239 ; 613.149440 ; 0.000005 ; 138.000000
240 ; 615.570498 ; 0.000005 ; 138.000000
241 ; 618.237551 ; 0.000005 ; 138.000000
242 ; 620.689202 ; 0.000005 ; 139.000000
243 ; 623.321410 ; 0.000005 ; 139.000000
244 ; 625.876268 ; 0.000005 ; 139.000000
245 ; 628.547549 ; 0.000005 ; 139.000000
246 ; 631.157348 ; 0.000005 ; 139.000000
247 ; 633.477449 ; 0.000005 ; 140.000000
248 ; 636.094904 ; 0.000005 ; 140.000000
249 ; 638.657769 ; 0.000005 ; 140.000000
250 ; 641.321302 ; 0.000005 ; 140.000000
251 ; 643.875809 ; 0.000005 ; 140.000000
252 ; 646.282677 ; 0.000005 ; 141.000000
253 ; 648.947853 ; 0.000005 ; 141.000000
254 ; 651.517186 ; 0.000005 ; 141.000000
255 ; 654.133859 ; 0.000005 ; 141.000000
256 ; 656.688550 ; 0.000005 ; 141.000000
257 ; 659.141708 ; 0.000005 ; 142.000000
258 ; 662.110322 ; 0.000005 ; 142.000000
259 ; 664.953399 ; 0.000005 ; 142.000000
260 ; 667.539848 ; 0.000005 ; 142.000000
261 ; 670.172800 ; 0.000005 ; 142.000000
262 ; 672.656730 ; 0.000005 ; 142.000000
263 ; 675.368988 ; 0.000005 ; 143.000000
264 ; 677.852371 ; 0.000005 ; 143.000000
265 ; 680.258341 ; 0.000005 ; 143.000000
266 ; 682.930425 ; 0.000005 ; 143.000000
267 ; 685.484550 ; 0.000004 ; 143.000000
268 ; 688.141936 ; 0.000005 ; 143.000000
269 ; 690.673210 ; 0.000005 ; 144.000000
270 ; 693.095518 ; 0.000005 ; 144.000000
271 ; 695.729125 ; 0.000004 ; 144.000000
272 ; 698.321926 ; 0.000004 ; 144.000000
273 ; 700.900709 ; 0.000004 ; 144.000000
274 ; 703.586795 ; 0.000005 ; 144.000000
275 ; 705.875950 ; 0.000005 ; 145.000000
276 ; 708.953213 ; 0.000004 ; 145.000000
277 ; 711.431419 ; 0.000004 ; 145.000000
278 ; 713.875138 ; 0.000004 ; 145.000000
279 ; 716.625450 ; 0.000005 ; 145.000000
280 ; 719.023475 ; 0.000005 ; 145.000000
281 ; 721.703205 ; 0.000005 ; 145.000000
282 ; 724.211635 ; 0.000004 ; 146.000000
283 ; 726.891619 ; 0.000004 ; 146.000000
284 ; 729.484508 ; 0.000004 ; 146.000000
285 ; 731.851890 ; 0.000004 ; 146.000000
286 ; 734.649340 ; 0.000005 ; 146.000000
287 ; 737.078214 ; 0.000005 ; 146.000000
288 ; 739.743486 ; 0.000004 ; 146.000000
289 ; 742.305410 ; 0.000004 ; 147.000000
290 ; 744.717871 ; 0.000004 ; 147.000000
291 ; 747.375895 ; 0.000004 ; 147.000000
292 ; 749.906769 ; 0.000004 ; 147.000000
293 ; 752.554973 ; 0.000004 ; 147.000000
294 ; 755.312736 ; 0.000004 ; 147.000000
295 ; 757.938243 ; 0.000004 ; 147.000000
296 ; 760.547306 ; 0.000004 ; 148.000000
297 ; 763.125249 ; 0.000004 ; 148.000000
298 ; 765.742212 ; 0.000004 ; 148.000000
299 ; 768.258541 ; 0.000004 ; 148.000000
300 ; 770.672034 ; 0.000004 ; 148.000000
301 ; 773.336745 ; 0.000004 ; 148.000000
302 ; 776.149827 ; 0.000004 ; 148.000000
303 ; 778.648547 ; 0.000005 ; 149.000000
304 ; 781.321058 ; 0.000004 ; 149.000000
305 ; 783.938391 ; 0.000004 ; 149.000000
306 ; 786.531728 ; 0.000004 ; 149.000000
307 ; 789.070362 ; 0.000004 ; 149.000000
308 ; 791.468634 ; 0.000004 ; 149.000000
309 ; 794.109671 ; 0.000004 ; 149.000000
310 ; 796.695148 ; 0.000004 ; 149.000000
311 ; 799.336755 ; 0.000004 ; 149.000000
312 ; 801.922013 ; 0.000004 ; 150.000000
313 ; 804.281496 ; 0.000004 ; 150.000000
314 ; 806.938230 ; 0.000004 ; 150.000000
315 ; 809.445687 ; 0.000004 ; 150.000000
316 ; 812.152211 ; 0.000004 ; 150.000000
317 ; 814.914372 ; 0.000004 ; 150.000000
318 ; 817.445714 ; 0.000004 ; 150.000000
319 ; 820.125367 ; 0.000005 ; 150.000000
320 ; 822.688030 ; 0.000004 ; 151.000000
321 ; 825.329146 ; 0.000004 ; 151.000000
322 ; 827.736225 ; 0.000004 ; 151.000000
323 ; 830.304974 ; 0.000004 ; 151.000000
324 ; 832.922765 ; 0.000004 ; 151.000000
325 ; 835.460756 ; 0.000004 ; 151.000000
326 ; 838.140785 ; 0.000004 ; 151.000000
327 ; 840.664009 ; 0.000004 ; 151.000000
328 ; 843.055389 ; 0.000004 ; 151.000000
329 ; 845.687370 ; 0.000004 ; 151.000000
330 ; 848.274117 ; 0.000004 ; 152.000000
331 ; 850.921874 ; 0.000004 ; 152.000000
332 ; 853.484478 ; 0.000004 ; 152.000000
333 ; 855.843417 ; 0.000004 ; 152.000000
334 ; 858.664823 ; 0.000004 ; 152.000000
335 ; 861.062562 ; 0.000004 ; 152.000000
336 ; 863.722373 ; 0.000004 ; 152.000000
337 ; 866.249716 ; 0.000004 ; 152.000000
338 ; 868.703635 ; 0.000004 ; 152.000000
339 ; 871.312475 ; 0.000004 ; 152.000000
340 ; 873.898527 ; 0.000004 ; 153.000000
341 ; 876.516810 ; 0.000004 ; 153.000000
342 ; 879.007312 ; 0.000004 ; 153.000000
343 ; 881.734280 ; 0.000004 ; 153.000000
344 ; 884.280660 ; 0.000004 ; 153.000000
345 ; 886.734474 ; 0.000004 ; 153.000000
346 ; 889.312942 ; 0.000004 ; 153.000000
347 ; 891.847262 ; 0.000004 ; 153.000000
348 ; 894.538913 ; 0.000004 ; 153.000000
349 ; 897.047365 ; 0.000004 ; 153.000000
350 ; 899.445629 ; 0.000004 ; 153.000000
351 ; 902.110380 ; 0.000004 ; 153.000000
352 ; 904.648399 ; 0.000004 ; 154.000000
353 ; 907.319956 ; 0.000004 ; 154.000000
354 ; 909.851544 ; 0.000004 ; 154.000000
355 ; 912.273629 ; 0.000004 ; 154.000000
356 ; 914.906238 ; 0.000004 ; 154.000000
357 ; 917.491928 ; 0.000004 ; 154.000000
358 ; 920.148139 ; 0.000004 ; 154.000000
359 ; 922.671937 ; 0.000004 ; 154.000000
360 ; 925.336318 ; 0.000004 ; 154.000000
361 ; 928.149169 ; 0.000004 ; 154.000000
362 ; 930.695749 ; 0.000004 ; 154.000000
363 ; 933.305418 ; 0.000004 ; 154.000000
364 ; 935.914227 ; 0.000004 ; 155.000000
365 ; 938.289141 ; 0.000004 ; 155.000000
366 ; 940.891226 ; 0.000004 ; 155.000000
367 ; 943.436869 ; 0.000004 ; 155.000000
368 ; 946.093883 ; 0.000004 ; 155.000000
369 ; 948.640410 ; 0.000004 ; 155.000000
370 ; 951.055863 ; 0.000004 ; 155.000000
371 ; 953.703065 ; 0.000004 ; 155.000000
372 ; 956.280934 ; 0.000004 ; 155.000000
373 ; 958.898752 ; 0.000004 ; 155.000000
374 ; 961.476820 ; 0.000004 ; 155.000000
375 ; 963.883601 ; 0.000004 ; 155.000000
376 ; 966.491889 ; 0.000004 ; 155.000000
377 ; 969.023421 ; 0.000004 ; 155.000000
378 ; 971.733685 ; 0.000004 ; 155.000000
379 ; 974.195491 ; 0.000004 ; 155.000000
380 ; 976.905837 ; 0.000004 ; 156.000000
381 ; 979.492099 ; 0.000004 ; 156.000000
382 ; 981.867098 ; 0.000004 ; 156.000000
383 ; 984.484527 ; 0.000004 ; 156.000000
384 ; 987.046759 ; 0.000004 ; 156.000000
385 ; 989.711025 ; 0.000004 ; 156.000000
386 ; 992.233922 ; 0.000004 ; 156.000000
387 ; 994.626544 ; 0.000004 ; 156.000000
388 ; 997.275017 ; 0.000004 ; 156.000000
389 ; 999.883006 ; 0.000004 ; 156.000000
390 ; 1002.491831 ; 0.000004 ; 156.000000
391 ; 1005.061687 ; 0.000004 ; 156.000000
392 ; 1007.480407 ; 0.000004 ; 156.000000
393 ; 1010.272733 ; 0.000004 ; 156.000000
394 ; 1012.617151 ; 0.000004 ; 156.000000
395 ; 1015.304198 ; 0.000004 ; 156.000000
396 ; 1017.882611 ; 0.000004 ; 156.000000
397 ; 1020.499911 ; 0.000004 ; 156.000000
398 ; 1022.860290 ; 0.000004 ; 156.000000
399 ; 1025.432145 ; 0.000004 ; 156.000000
400 ; 1028.085937 ; 0.000004 ; 156.000000
401 ; 1030.897936 ; 0.000004 ; 156.000000
402 ; 1033.429239 ; 0.000004 ; 157.000000
403 ; 1036.085724 ; 0.000004 ; 157.000000
404 ; 1038.616861 ; 0.000004 ; 157.000000
405 ; 1041.280214 ; 0.000004 ; 157.000000
406 ; 1043.858610 ; 0.000004 ; 157.000000
407 ; 1046.265419 ; 0.000004 ; 157.000000
408 ; 1048.897678 ; 0.000004 ; 157.000000
409 ; 1051.485378 ; 0.000004 ; 157.000000
410 ; 1054.093565 ; 0.000004 ; 157.000000
411 ; 1056.686675 ; 0.000004 ; 157.000000
412 ; 1059.296941 ; 0.000004 ; 157.000000
413 ; 1061.686636 ; 0.000004 ; 157.000000
414 ; 1064.264830 ; 0.000004 ; 157.000000
415 ; 1066.890980 ; 0.000004 ; 157.000000
416 ; 1069.468516 ; 0.000004 ; 157.000000
417 ; 1072.086376 ; 0.000004 ; 157.000000
418 ; 1074.624259 ; 0.000004 ; 157.000000
419 ; 1077.007580 ; 0.000004 ; 157.000000
420 ; 1079.686885 ; 0.000004 ; 157.000000
421 ; 1082.218280 ; 0.000004 ; 157.000000
422 ; 1084.867072 ; 0.000004 ; 157.000000
423 ; 1087.460738 ; 0.000004 ; 157.000000
424 ; 1089.859282 ; 0.000004 ; 158.000000
425 ; 1092.499968 ; 0.000004 ; 158.000000
426 ; 1095.061575 ; 0.000004 ; 158.000000
427 ; 1097.726091 ; 0.000004 ; 158.000000
428 ; 1100.280778 ; 0.000004 ; 158.000000
429 ; 1102.663507 ; 0.000004 ; 158.000000
430 ; 1105.303852 ; 0.000004 ; 158.000000
431 ; 1107.811889 ; 0.000004 ; 158.000000
432 ; 1110.483841 ; 0.000004 ; 158.000000
433 ; 1112.990925 ; 0.000004 ; 158.000000
434 ; 1115.671273 ; 0.000004 ; 158.000000
435 ; 1118.459769 ; 0.000004 ; 158.000000
436 ; 1121.008194 ; 0.000004 ; 158.000000
437 ; 1123.678823 ; 0.000004 ; 158.000000
438 ; 1126.233894 ; 0.000004 ; 158.000000
439 ; 1128.688191 ; 0.000004 ; 158.000000
440 ; 1131.265742 ; 0.000004 ; 158.000000
441 ; 1133.850339 ; 0.000004 ; 158.000000
442 ; 1136.503671 ; 0.000004 ; 158.000000
443 ; 1139.077149 ; 0.000004 ; 158.000000
444 ; 1141.438228 ; 0.000004 ; 158.000000
445 ; 1144.268008 ; 0.000004 ; 158.000000
446 ; 1147.030645 ; 0.000004 ; 158.000000
447 ; 1149.468626 ; 0.000004 ; 158.000000
448 ; 1152.070119 ; 0.000004 ; 158.000000
449 ; 1154.656070 ; 0.000004 ; 158.000000
450 ; 1157.233618 ; 0.000004 ; 158.000000
451 ; 1159.799244 ; 0.000004 ; 159.000000
452 ; 1162.456285 ; 0.000004 ; 159.000000
453 ; 1165.022633 ; 0.000004 ; 159.000000
454 ; 1167.429058 ; 0.000004 ; 159.000000
455 ; 1170.069856 ; 0.000004 ; 159.000000
456 ; 1172.647916 ; 0.000004 ; 159.000000
457 ; 1175.296463 ; 0.000004 ; 159.000000
458 ; 1177.835043 ; 0.000004 ; 159.000000
459 ; 1180.288184 ; 0.000004 ; 159.000000
460 ; 1182.897646 ; 0.000004 ; 159.000000
461 ; 1185.429025 ; 0.000004 ; 159.000000
462 ; 1188.069717 ; 0.000004 ; 159.000000
463 ; 1190.663141 ; 0.000004 ; 159.000000
464 ; 1193.054721 ; 0.000004 ; 159.000000
465 ; 1195.678903 ; 0.000004 ; 159.000000
466 ; 1198.256774 ; 0.000004 ; 159.000000
467 ; 1200.897373 ; 0.000004 ; 159.000000
468 ; 1203.671436 ; 0.000004 ; 159.000000
469 ; 1206.218068 ; 0.000004 ; 159.000000
470 ; 1208.858861 ; 0.000004 ; 159.000000
471 ; 1211.398138 ; 0.000004 ; 159.000000
472 ; 1214.061673 ; 0.000004 ; 159.000000
473 ; 1216.655002 ; 0.000004 ; 159.000000
474 ; 1219.046024 ; 0.000004 ; 159.000000
475 ; 1221.663443 ; 0.000004 ; 159.000000
476 ; 1224.272797 ; 0.000004 ; 159.000000
477 ; 1226.874387 ; 0.000004 ; 159.000000
478 ; 1229.671679 ; 0.000004 ; 159.000000
479 ; 1232.248959 ; 0.000004 ; 159.000000
480 ; 1234.881794 ; 0.000004 ; 159.000000
481 ; 1237.436827 ; 0.000004 ; 159.000000
482 ; 1239.858190 ; 0.000004 ; 159.000000
483 ; 1242.467960 ; 0.000004 ; 159.000000
484 ; 1244.998974 ; 0.000004 ; 159.000000
485 ; 1247.678273 ; 0.000004 ; 159.000000
486 ; 1250.201543 ; 0.000004 ; 159.000000
487 ; 1252.857790 ; 0.000004 ; 159.000000
488 ; 1255.405270 ; 0.000004 ; 159.000000
489 ; 1257.795619 ; 0.000004 ; 160.000000
490 ; 1260.460013 ; 0.000004 ; 160.000000
491 ; 1263.030212 ; 0.000004 ; 160.000000
492 ; 1265.647356 ; 0.000004 ; 160.000000
493 ; 1268.249709 ; 0.000004 ; 160.000000
494 ; 1270.662789 ; 0.000004 ; 160.000000
495 ; 1273.256355 ; 0.000004 ; 160.000000
496 ; 1275.826972 ; 0.000004 ; 160.000000
497 ; 1278.475475 ; 0.000004 ; 160.000000
498 ; 1281.038370 ; 0.000004 ; 160.000000
499 ; 1283.467552 ; 0.000004 ; 160.000000
500 ; 1286.061502 ; 0.000004 ; 160.000000
501 ; 1288.577048 ; 0.000004 ; 160.000000
502 ; 1291.248601 ; 0.000004 ; 160.000000
503 ; 1293.842683 ; 0.000004 ; 160.000000
504 ; 1296.436160 ; 0.000004 ; 160.000000
505 ; 1298.975972 ; 0.000004 ; 160.000000
506 ; 1301.389048 ; 0.000004 ; 160.000000
507 ; 1304.069747 ; 0.000004 ; 160.000000
508 ; 1306.639320 ; 0.000004 ; 160.000000
509 ; 1309.249646 ; 0.000004 ; 160.000000
510 ; 1311.859117 ; 0.000004 ; 160.000000
511 ; 1314.209729 ; 0.000004 ; 160.000000
512 ; 1316.866409 ; 0.000004 ; 160.000000
513 ; 1319.368952 ; 0.000004 ; 160.000000
514 ; 1322.037649 ; 0.000004 ; 160.000000
515 ; 1324.562154 ; 0.000004 ; 160.000000
516 ; 1326.983117 ; 0.000004 ; 160.000000
517 ; 1329.780167 ; 0.000004 ; 160.000000
518 ; 1332.166888 ; 0.000004 ; 160.000000
519 ; 1334.850133 ; 0.000004 ; 160.000000
520 ; 1337.388915 ; 0.000004 ; 160.000000
521 ; 1340.037118 ; 0.000004 ; 160.000000
522 ; 1342.561126 ; 0.000004 ; 160.000000
523 ; 1344.991426 ; 0.000004 ; 160.000000
524 ; 1347.608928 ; 0.000004 ; 160.000000
525 ; 1350.217110 ; 0.000004 ; 160.000000
526 ; 1352.834643 ; 0.000004 ; 160.000000
527 ; 1355.420341 ; 0.000004 ; 160.000000
528 ; 1357.756633 ; 0.000004 ; 160.000000
529 ; 1360.483264 ; 0.000004 ; 160.000000
530 ; 1362.975879 ; 0.000004 ; 160.000000
531 ; 1365.584345 ; 0.000004 ; 160.000000
532 ; 1368.248625 ; 0.000004 ; 160.000000
533 ; 1370.638920 ; 0.000004 ; 160.000000
534 ; 1373.240929 ; 0.000004 ; 160.000000
535 ; 1375.842133 ; 0.000004 ; 160.000000
536 ; 1378.405331 ; 0.000004 ; 160.000000
537 ; 1381.037680 ; 0.000004 ; 160.000000
538 ; 1383.569170 ; 0.000004 ; 160.000000
539 ; 1385.975161 ; 0.000004 ; 160.000000
540 ; 1388.756426 ; 0.000004 ; 160.000000
541 ; 1391.185479 ; 0.000004 ; 160.000000
542 ; 1393.834695 ; 0.000004 ; 160.000000
543 ; 1396.327906 ; 0.000004 ; 160.000000
544 ; 1399.045483 ; 0.000004 ; 160.000000
545 ; 1401.576633 ; 0.000004 ; 160.000000
546 ; 1403.990457 ; 0.000004 ; 160.000000
547 ; 1406.631183 ; 0.000004 ; 160.000000
548 ; 1409.171512 ; 0.000004 ; 160.000000
549 ; 1411.834947 ; 0.000004 ; 160.000000
550 ; 1414.397045 ; 0.000004 ; 160.000000
551 ; 1416.821903 ; 0.000004 ; 160.000000
552 ; 1419.467458 ; 0.000004 ; 160.000000
553 ; 1421.998252 ; 0.000004 ; 160.000000
554 ; 1424.662334 ; 0.000004 ; 160.000000
555 ; 1427.154788 ; 0.000004 ; 160.000000
556 ; 1429.553287 ; 0.000004 ; 160.000000
557 ; 1432.365766 ; 0.000004 ; 160.000000
558 ; 1434.755325 ; 0.000004 ; 160.000000
559 ; 1437.466759 ; 0.000004 ; 160.000000
560 ; 1439.943548 ; 0.000004 ; 160.000000
561 ; 1442.615509 ; 0.000004 ; 160.000000
562 ; 1445.178137 ; 0.000004 ; 161.000000
563 ; 1447.576396 ; 0.000004 ; 161.000000
564 ; 1450.232700 ; 0.000004 ; 161.000000
565 ; 1452.771680 ; 0.000004 ; 161.000000
566 ; 1455.443571 ; 0.000004 ; 161.000000
567 ; 1458.037642 ; 0.000004 ; 161.000000
568 ; 1460.373297 ; 0.000004 ; 160.000000
569 ; 1463.038607 ; 0.000004 ; 161.000000
570 ; 1465.591720 ; 0.000004 ; 161.000000
571 ; 1468.232596 ; 0.000004 ; 161.000000
572 ; 1470.748286 ; 0.000004 ; 161.000000
573 ; 1473.154398 ; 0.000004 ; 161.000000
574 ; 1475.826454 ; 0.000004 ; 161.000000
575 ; 1478.365139 ; 0.000004 ; 161.000000
576 ; 1481.029116 ; 0.000004 ; 161.000000
577 ; 1483.818138 ; 0.000004 ; 161.000000
578 ; 1486.334267 ; 0.000004 ; 161.000000
579 ; 1489.028933 ; 0.000004 ; 161.000000
580 ; 1491.584154 ; 0.000004 ; 161.000000
581 ; 1494.224765 ; 0.000004 ; 161.000000
582 ; 1496.756113 ; 0.000004 ; 161.000000
583 ; 1499.130971 ; 0.000004 ; 161.000000
584 ; 1501.841930 ; 0.000004 ; 161.000000
585 ; 1504.388595 ; 0.000004 ; 161.000000
586 ; 1507.028927 ; 0.000004 ; 161.000000
587 ; 1509.607418 ; 0.000004 ; 161.000000
588 ; 1511.958791 ; 0.000004 ; 161.000000
589 ; 1514.622999 ; 0.000004 ; 161.000000
590 ; 1517.154286 ; 0.000004 ; 161.000000
591 ; 1519.842502 ; 0.000004 ; 161.000000
592 ; 1522.342184 ; 0.000004 ; 161.000000
593 ; 1524.739973 ; 0.000004 ; 161.000000
594 ; 1527.552327 ; 0.000004 ; 161.000000
595 ; 1529.958901 ; 0.000004 ; 161.000000
596 ; 1532.646824 ; 0.000004 ; 161.000000
597 ; 1535.154558 ; 0.000004 ; 161.000000
598 ; 1537.803168 ; 0.000004 ; 161.000000
599 ; 1540.357763 ; 0.000004 ; 161.000000
600 ; 1542.779261 ; 0.000004 ; 161.000000
601 ; 1545.419672 ; 0.000004 ; 161.000000
602 ; 1547.982755 ; 0.000004 ; 161.000000
603 ; 1550.614902 ; 0.000004 ; 161.000000
604 ; 1553.177378 ; 0.000004 ; 161.000000
605 ; 1555.538560 ; 0.000004 ; 161.000000
606 ; 1558.358060 ; 0.000004 ; 161.000000
607 ; 1560.740031 ; 0.000004 ; 161.000000
608 ; 1563.415199 ; 0.000004 ; 161.000000
609 ; 1565.950721 ; 0.000004 ; 161.000000
610 ; 1568.622736 ; 0.000004 ; 161.000000
611 ; 1571.429809 ; 0.000004 ; 161.000000
612 ; 1573.927866 ; 0.000004 ; 161.000000
613 ; 1576.599708 ; 0.000004 ; 161.000000
614 ; 1579.146567 ; 0.000004 ; 161.000000
615 ; 1581.560479 ; 0.000004 ; 161.000000
616 ; 1584.224269 ; 0.000004 ; 161.000000
617 ; 1586.779017 ; 0.000004 ; 161.000000
618 ; 1589.411689 ; 0.000004 ; 161.000000
619 ; 1591.982223 ; 0.000004 ; 161.000000
620 ; 1594.373599 ; 0.000004 ; 161.000000
621 ; 1597.006386 ; 0.000004 ; 161.000000
622 ; 1599.529422 ; 0.000004 ; 161.000000
623 ; 1602.216297 ; 0.000004 ; 161.000000
624 ; 1604.748714 ; 0.000004 ; 161.000000
625 ; 1607.411848 ; 0.000004 ; 161.000000
626 ; 1609.927744 ; 0.000004 ; 161.000000
627 ; 1612.341269 ; 0.000004 ; 161.000000
628 ; 1615.005334 ; 0.000004 ; 161.000000
629 ; 1617.537284 ; 0.000004 ; 161.000000
630 ; 1620.208595 ; 0.000004 ; 161.000000
631 ; 1622.747396 ; 0.000004 ; 161.000000
632 ; 1625.114682 ; 0.000004 ; 161.000000
633 ; 1627.817650 ; 0.000004 ; 161.000000
634 ; 1630.364566 ; 0.000004 ; 161.000000
635 ; 1633.020403 ; 0.000004 ; 161.000000
636 ; 1635.590898 ; 0.000004 ; 161.000000
637 ; 1637.997062 ; 0.000004 ; 161.000000
638 ; 1640.606705 ; 0.000004 ; 161.000000
639 ; 1643.126184 ; 0.000004 ; 161.000000
640 ; 1645.817567 ; 0.000004 ; 161.000000
641 ; 1648.614607 ; 0.000004 ; 161.000000
642 ; 1651.106888 ; 0.000004 ; 161.000000
643 ; 1653.802238 ; 0.000004 ; 161.000000
644 ; 1656.341381 ; 0.000004 ; 161.000000
645 ; 1659.006169 ; 0.000004 ; 161.000000
646 ; 1661.536733 ; 0.000004 ; 161.000000
647 ; 1663.943152 ; 0.000004 ; 161.000000
648 ; 1666.591338 ; 0.000004 ; 161.000000
649 ; 1669.177035 ; 0.000004 ; 161.000000
650 ; 1671.825491 ; 0.000004 ; 161.000000
651 ; 1674.380139 ; 0.000004 ; 161.000000
652 ; 1676.770716 ; 0.000004 ; 161.000000
653 ; 1679.419762 ; 0.000004 ; 161.000000
654 ; 1681.958287 ; 0.000004 ; 161.000000
655 ; 1684.591576 ; 0.000004 ; 161.000000
656 ; 1687.145565 ; 0.000004 ; 161.000000
657 ; 1689.520849 ; 0.000004 ; 161.000000
658 ; 1692.364247 ; 0.000004 ; 161.000000
659 ; 1694.723562 ; 0.000004 ; 161.000000
660 ; 1697.411291 ; 0.000004 ; 161.000000
661 ; 1699.950677 ; 0.000004 ; 161.000000
662 ; 1702.591050 ; 0.000004 ; 161.000000
663 ; 1705.403753 ; 0.000004 ; 161.000000
664 ; 1707.935127 ; 0.000004 ; 161.000000
665 ; 1710.575481 ; 0.000004 ; 161.000000
666 ; 1713.106586 ; 0.000004 ; 161.000000
667 ; 1715.536616 ; 0.000004 ; 161.000000
668 ; 1718.216117 ; 0.000004 ; 161.000000
669 ; 1720.746994 ; 0.000004 ; 161.000000
670 ; 1723.403552 ; 0.000004 ; 161.000000
671 ; 1725.966578 ; 0.000004 ; 161.000000
672 ; 1728.583790 ; 0.000004 ; 161.000000
673 ; 1731.098874 ; 0.000004 ; 161.000000
674 ; 1733.497653 ; 0.000004 ; 161.000000
675 ; 1736.333149 ; 0.000004 ; 161.000000
676 ; 1739.125091 ; 0.000004 ; 161.000000
677 ; 1741.524593 ; 0.000004 ; 161.000000
678 ; 1744.200744 ; 0.000004 ; 161.000000
679 ; 1746.708264 ; 0.000004 ; 161.000000
680 ; 1749.379742 ; 0.000004 ; 161.000000
681 ; 1751.903952 ; 0.000004 ; 161.000000
682 ; 1754.325604 ; 0.000004 ; 161.000000
683 ; 1757.106692 ; 0.000004 ; 161.000000
684 ; 1759.528522 ; 0.000004 ; 161.000000
685 ; 1762.184274 ; 0.000004 ; 161.000000
686 ; 1764.762628 ; 0.000004 ; 161.000000
687 ; 1767.184834 ; 0.000004 ; 161.000000
688 ; 1769.801984 ; 0.000004 ; 161.000000
689 ; 1772.310496 ; 0.000004 ; 161.000000
690 ; 1775.091175 ; 0.000004 ; 161.000000
691 ; 1777.763422 ; 0.000004 ; 161.000000
692 ; 1780.333622 ; 0.000004 ; 161.000000
693 ; 1783.114827 ; 0.000004 ; 161.000000
694 ; 1785.505386 ; 0.000004 ; 161.000000
695 ; 1788.176870 ; 0.000004 ; 161.000000
696 ; 1790.685990 ; 0.000004 ; 161.000000
697 ; 1793.098965 ; 0.000004 ; 161.000000
698 ; 1795.942608 ; 0.000004 ; 161.000000
699 ; 1798.552159 ; 0.000004 ; 161.000000
700 ; 1801.325751 ; 0.000004 ; 161.000000
701 ; 1803.927048 ; 0.000004 ; 161.000000
702 ; 1806.348594 ; 0.000004 ; 161.000000
703 ; 1808.965482 ; 0.000004 ; 161.000000
704 ; 1811.559443 ; 0.000004 ; 161.000000
705 ; 1814.177773 ; 0.000004 ; 161.000000
706 ; 1816.707879 ; 0.000004 ; 161.000000
707 ; 1819.090359 ; 0.000004 ; 161.000000
