1 ; 0.032125 ; 0.000000 ; 39.000000
2 ; 2.852616 ; 0.000001 ; 39.000000
3 ; 5.647688 ; 0.000000 ; 39.000000
4 ; 8.015008 ; 0.000000 ; 40.000000
5 ; 10.764924 ; 0.000001 ; 40.000000
6 ; 13.178280 ; 0.000000 ; 40.000000
7 ; 15.820652 ; 0.000001 ; 41.000000
8 ; 18.319765 ; 0.000000 ; 41.000000
9 ; 21.030908 ; 0.000001 ; 42.000000
10 ; 23.546110 ; 0.000001 ; 42.000000
11 ; 25.967497 ; 0.000000 ; 42.000000
12 ; 28.749947 ; 0.000001 ; 43.000000
13 ; 31.124211 ; 0.000000 ; 43.000000
14 ; 33.803755 ; 0.000001 ; 44.000000
15 ; 36.358906 ; 0.000000 ; 44.000000
16 ; 38.757021 ; 0.000001 ; 44.000000
17 ; 41.436981 ; 0.000001 ; 45.000000
18 ; 43.999393 ; 0.000001 ; 45.000000
19 ; 46.624071 ; 0.000001 ; 46.000000
20 ; 49.202417 ; 0.000000 ; 46.000000
21 ; 51.584934 ; 0.000001 ; 46.000000
22 ; 54.351486 ; 0.000000 ; 47.000000
23 ; 56.780485 ; 0.000001 ; 47.000000
24 ; 59.429081 ; 0.000000 ; 48.000000
25 ; 61.944515 ; 0.000001 ; 48.000000
26 ; 64.600396 ; 0.000000 ; 49.000000
27 ; 67.139321 ; 0.000001 ; 49.000000
28 ; 69.545377 ; 0.000000 ; 50.000000
29 ; 72.351222 ; 0.000001 ; 50.000000
30 ; 74.756781 ; 0.000001 ; 51.000000
31 ; 77.421041 ; 0.000001 ; 51.000000
32 ; 79.944324 ; 0.000000 ; 52.000000
33 ; 82.342481 ; 0.000001 ; 52.000000
34 ; 85.022636 ; 0.000000 ; 53.000000
35 ; 87.577117 ; 0.000001 ; 53.000000
36 ; 90.209789 ; 0.000000 ; 54.000000
37 ; 92.834728 ; 0.000001 ; 54.000000
38 ; 95.209816 ; 0.000000 ; 54.000000
39 ; 97.944018 ; 0.000001 ; 55.000000
40 ; 100.350237 ; 0.000001 ; 55.000000
41 ; 102.992067 ; 0.000001 ; 56.000000
42 ; 105.546043 ; 0.000001 ; 56.000000
43 ; 108.202928 ; 0.000001 ; 57.000000
44 ; 110.725208 ; 0.000001 ; 57.000000
45 ; 113.132301 ; 0.000001 ; 58.000000
46 ; 115.795626 ; 0.000001 ; 58.000000
47 ; 118.342476 ; 0.000001 ; 59.000000
48 ; 120.983034 ; 0.000001 ; 59.000000
49 ; 123.577928 ; 0.000001 ; 60.000000
50 ; 125.951475 ; 0.000001 ; 60.000000
51 ; 128.615413 ; 0.000001 ; 61.000000
52 ; 131.147058 ; 0.000001 ; 61.000000
53 ; 133.812417 ; 0.000001 ; 62.000000
54 ; 136.366567 ; 0.000001 ; 62.000000
55 ; 138.771939 ; 0.000001 ; 63.000000
56 ; 141.522528 ; 0.000001 ; 63.000000
57 ; 143.967047 ; 0.000001 ; 64.000000
58 ; 146.616617 ; 0.000001 ; 64.000000
59 ; 149.124058 ; 0.000001 ; 65.000000
60 ; 151.810654 ; 0.000001 ; 65.000000
61 ; 154.334301 ; 0.000001 ; 66.000000
62 ; 156.725456 ; 0.000001 ; 66.000000
63 ; 159.427733 ; 0.000001 ; 67.000000
64 ; 161.943720 ; 0.000001 ; 67.000000
65 ; 164.607412 ; 0.000001 ; 68.000000
66 ; 167.162291 ; 0.000001 ; 68.000000
67 ; 169.569016 ; 0.000001 ; 69.000000
68 ; 172.224854 ; 0.000001 ; 69.000000
69 ; 174.756545 ; 0.000001 ; 69.000000
70 ; 177.420394 ; 0.000001 ; 70.000000
71 ; 179.990769 ; 0.000001 ; 70.000000
72 ; 182.396965 ; 0.000001 ; 71.000000
73 ; 185.013825 ; 0.000001 ; 71.000000
74 ; 187.537946 ; 0.000001 ; 72.000000
75 ; 190.224730 ; 0.000001 ; 72.000000
76 ; 192.725137 ; 0.000001 ; 73.000000
77 ; 195.381004 ; 0.000001 ; 73.000000
78 ; 197.804391 ; 0.000001 ; 74.000000
79 ; 200.341790 ; 0.000001 ; 74.000000
80 ; 202.997962 ; 0.000001 ; 75.000000
81 ; 205.532469 ; 0.000001 ; 75.000000
82 ; 208.201561 ; 0.000001 ; 75.000000
83 ; 210.717153 ; 0.000001 ; 76.000000
84 ; 213.138392 ; 0.000001 ; 76.000000
85 ; 215.796176 ; 0.000001 ; 77.000000
86 ; 218.365447 ; 0.000001 ; 77.000000
87 ; 220.998148 ; 0.000001 ; 78.000000
88 ; 223.584524 ; 0.000001 ; 78.000000
89 ; 225.982637 ; 0.000001 ; 79.000000
90 ; 228.618385 ; 0.000001 ; 79.000000
91 ; 231.186483 ; 0.000001 ; 80.000000
92 ; 233.796407 ; 0.000001 ; 80.000000
93 ; 236.318214 ; 0.000001 ; 81.000000
94 ; 238.740705 ; 0.000001 ; 81.000000
95 ; 241.529574 ; 0.000001 ; 81.000000
96 ; 243.920238 ; 0.000001 ; 82.000000
97 ; 246.568212 ; 0.000001 ; 82.000000
98 ; 249.123741 ; 0.000001 ; 83.000000
99 ; 251.795163 ; 0.000001 ; 83.000000
100 ; 254.330256 ; 0.000001 ; 84.000000
101 ; 256.740173 ; 0.000001 ; 84.000000
102 ; 259.404206 ; 0.000001 ; 85.000000
103 ; 262.005502 ; 0.000001 ; 85.000000
104 ; 264.599170 ; 0.000001 ; 86.000000
105 ; 267.193008 ; 0.000001 ; 86.000000
106 ; 269.591400 ; 0.000001 ; 87.000000
107 ; 272.201783 ; 0.000001 ; 87.000000
108 ; 274.771597 ; 0.000001 ; 88.000000
109 ; 277.396326 ; 0.000001 ; 88.000000
110 ; 279.974481 ; 0.000001 ; 88.000000
111 ; 282.294864 ; 0.000001 ; 89.000000
112 ; 284.989824 ; 0.000001 ; 89.000000
113 ; 287.513523 ; 0.000001 ; 90.000000
114 ; 290.161704 ; 0.000001 ; 90.000000
115 ; 292.708822 ; 0.000001 ; 91.000000
116 ; 295.427561 ; 0.000001 ; 91.000000
117 ; 297.919198 ; 0.000001 ; 91.000000
118 ; 300.333695 ; 0.000001 ; 92.000000
119 ; 302.982537 ; 0.000001 ; 92.000000
120 ; 305.537706 ; 0.000001 ; 93.000000
121 ; 307.997378 ; 0.000001 ; 93.000000
122 ; 310.755825 ; 0.000001 ; 94.000000
123 ; 313.192705 ; 0.000001 ; 94.000000
124 ; 315.794876 ; 0.000001 ; 95.000000
125 ; 318.373078 ; 0.000001 ; 95.000000
126 ; 320.989724 ; 0.000001 ; 95.000000
127 ; 323.513234 ; 0.000001 ; 96.000000
128 ; 325.946523 ; 0.000001 ; 96.000000
129 ; 328.606664 ; 0.000001 ; 97.000000
130 ; 331.380729 ; 0.000001 ; 97.000000
131 ; 333.926925 ; 0.000001 ; 97.000000
132 ; 336.568781 ; 0.000001 ; 98.000000
133 ; 339.114718 ; 0.000001 ; 98.000000
134 ; 341.786701 ; 0.000001 ; 99.000000
135 ; 344.310055 ; 0.000001 ; 99.000000
136 ; 346.756391 ; 0.000001 ; 100.000000
137 ; 349.372498 ; 0.000001 ; 100.000000
138 ; 352.178585 ; 0.000001 ; 100.000000
139 ; 354.716379 ; 0.000001 ; 101.000000
140 ; 357.489893 ; 0.000001 ; 101.000000
141 ; 359.989818 ; 0.000001 ; 102.000000
142 ; 362.575323 ; 0.000001 ; 102.000000
143 ; 365.051094 ; 0.000001 ; 102.000000
144 ; 367.731491 ; 0.000001 ; 103.000000
145 ; 370.302220 ; 0.000001 ; 103.000000
146 ; 372.685686 ; 0.000001 ; 103.000000
147 ; 375.345051 ; 0.000001 ; 104.000000
148 ; 377.897669 ; 0.000001 ; 104.000000
149 ; 380.552452 ; 0.000001 ; 105.000000
150 ; 383.106441 ; 0.000001 ; 105.000000
151 ; 385.778243 ; 0.000001 ; 105.000000
152 ; 388.162446 ; 0.000001 ; 106.000000
153 ; 390.707874 ; 0.000001 ; 106.000000
154 ; 393.325275 ; 0.000001 ; 107.000000
155 ; 395.937963 ; 0.000001 ; 107.000000
156 ; 398.301896 ; 0.000001 ; 107.000000
157 ; 400.929854 ; 0.000001 ; 108.000000
158 ; 403.449574 ; 0.000001 ; 108.000000
159 ; 406.122455 ; 0.000001 ; 109.000000
160 ; 408.723801 ; 0.000001 ; 109.000000
161 ; 411.309258 ; 0.000001 ; 109.000000
162 ; 413.857923 ; 0.000001 ; 110.000000
163 ; 416.239862 ; 0.000001 ; 110.000000
164 ; 418.935485 ; 0.000001 ; 111.000000
165 ; 421.520436 ; 0.000001 ; 111.000000
166 ; 424.129289 ; 0.000001 ; 111.000000
167 ; 426.942191 ; 0.000001 ; 111.000000
168 ; 429.481006 ; 0.000001 ; 112.000000
169 ; 432.145525 ; 0.000001 ; 112.000000
170 ; 434.739907 ; 0.000001 ; 113.000000
171 ; 437.082975 ; 0.000001 ; 113.000000
172 ; 439.755559 ; 0.000001 ; 113.000000
173 ; 442.309711 ; 0.000001 ; 114.000000
174 ; 444.965803 ; 0.000001 ; 114.000000
175 ; 447.458762 ; 0.000001 ; 114.000000
176 ; 449.919209 ; 0.000001 ; 115.000000
177 ; 452.700007 ; 0.000001 ; 115.000000
178 ; 455.059734 ; 0.000001 ; 115.000000
179 ; 457.738997 ; 0.000001 ; 116.000000
180 ; 460.544077 ; 0.000001 ; 116.000000
181 ; 463.106132 ; 0.000001 ; 117.000000
182 ; 465.748050 ; 0.000001 ; 117.000000
183 ; 468.309371 ; 0.000001 ; 117.000000
184 ; 470.949997 ; 0.000001 ; 118.000000
185 ; 473.473667 ; 0.000001 ; 118.000000
186 ; 475.839954 ; 0.000001 ; 118.000000
187 ; 478.325359 ; 0.000001 ; 119.000000
188 ; 480.731206 ; 0.000001 ; 119.000000
189 ; 483.534911 ; 0.000001 ; 119.000000
190 ; 485.927598 ; 0.000001 ; 120.000000
191 ; 488.566995 ; 0.000001 ; 120.000000
192 ; 491.106456 ; 0.000001 ; 120.000000
193 ; 493.442481 ; 0.000001 ; 120.000000
194 ; 495.871408 ; 0.000001 ; 121.000000
195 ; 498.519007 ; 0.000001 ; 121.000000
196 ; 501.082653 ; 0.000001 ; 121.000000
197 ; 503.488361 ; 0.000001 ; 122.000000
198 ; 506.121383 ; 0.000001 ; 122.000000
199 ; 508.675918 ; 0.000001 ; 122.000000
200 ; 511.324145 ; 0.000001 ; 123.000000
201 ; 514.122727 ; 0.000001 ; 123.000000
202 ; 516.645350 ; 0.000001 ; 123.000000
203 ; 519.309984 ; 0.000001 ; 124.000000
204 ; 521.864669 ; 0.000001 ; 124.000000
205 ; 524.316910 ; 0.000001 ; 124.000000
206 ; 526.926227 ; 0.000001 ; 124.000000
207 ; 529.504920 ; 0.000001 ; 125.000000
208 ; 532.113309 ; 0.000001 ; 125.000000
209 ; 534.707662 ; 0.000001 ; 125.000000
210 ; 537.348521 ; 0.000001 ; 126.000000
211 ; 539.762563 ; 0.000001 ; 126.000000
212 ; 542.334099 ; 0.000001 ; 126.000000
213 ; 544.950945 ; 0.000001 ; 127.000000
214 ; 547.435161 ; 0.000001 ; 127.000000
215 ; 550.138836 ; 0.000001 ; 127.000000
216 ; 552.645325 ; 0.000001 ; 127.000000
217 ; 555.066483 ; 0.000001 ; 128.000000
218 ; 557.707699 ; 0.000001 ; 128.000000
219 ; 560.301725 ; 0.000001 ; 128.000000
220 ; 562.956424 ; 0.000001 ; 129.000000
221 ; 565.534910 ; 0.000001 ; 129.000000
222 ; 567.888413 ; 0.000001 ; 129.000000
223 ; 570.545798 ; 0.000001 ; 129.000000
224 ; 573.142535 ; 0.000001 ; 130.000000
225 ; 575.691317 ; 0.000001 ; 130.000000
226 ; 578.254769 ; 0.000001 ; 130.000000
227 ; 580.668602 ; 0.000001 ; 131.000000
228 ; 583.434796 ; 0.000002 ; 131.000000
229 ; 585.879132 ; 0.000001 ; 131.000000
230 ; 588.504776 ; 0.000001 ; 131.000000
231 ; 591.043087 ; 0.000001 ; 132.000000
232 ; 593.425333 ; 0.000001 ; 132.000000
233 ; 595.864224 ; 0.000001 ; 132.000000
234 ; 598.511141 ; 0.000001 ; 132.000000
235 ; 601.089805 ; 0.000001 ; 133.000000
236 ; 603.464618 ; 0.000001 ; 133.000000
237 ; 606.137337 ; 0.000001 ; 133.000000
238 ; 608.714857 ; 0.000001 ; 133.000000
239 ; 611.331855 ; 0.000002 ; 133.000000
240 ; 613.851390 ; 0.000001 ; 134.000000
241 ; 616.324390 ; 0.000001 ; 134.000000
242 ; 618.925668 ; 0.000001 ; 134.000000
243 ; 621.511550 ; 0.000001 ; 134.000000
244 ; 624.136924 ; 0.000001 ; 135.000000
245 ; 626.707228 ; 0.000001 ; 135.000000
246 ; 629.081794 ; 0.000001 ; 135.000000
247 ; 631.832114 ; 0.000001 ; 135.000000
248 ; 634.315944 ; 0.000001 ; 136.000000
249 ; 636.936255 ; 0.000001 ; 136.000000
250 ; 639.472237 ; 0.000001 ; 136.000000
251 ; 641.870837 ; 0.000001 ; 136.000000
252 ; 644.659717 ; 0.000001 ; 137.000000
253 ; 647.308702 ; 0.000001 ; 137.000000
254 ; 650.104719 ; 0.000001 ; 137.000000
255 ; 652.487651 ; 0.000002 ; 137.000000
256 ; 655.097403 ; 0.000001 ; 137.000000
257 ; 657.700057 ; 0.000001 ; 138.000000
258 ; 660.355600 ; 0.000001 ; 138.000000
259 ; 662.902722 ; 0.000001 ; 138.000000
260 ; 665.488069 ; 0.000001 ; 138.000000
261 ; 667.887274 ; 0.000001 ; 139.000000
262 ; 670.551470 ; 0.000001 ; 139.000000
263 ; 673.026439 ; 0.000002 ; 139.000000
264 ; 675.756637 ; 0.000001 ; 139.000000
265 ; 678.280970 ; 0.000001 ; 139.000000
266 ; 680.667533 ; 0.000001 ; 140.000000
267 ; 683.425487 ; 0.000001 ; 140.000000
268 ; 686.105377 ; 0.000001 ; 140.000000
269 ; 688.941224 ; 0.000001 ; 140.000000
270 ; 691.456549 ; 0.000001 ; 141.000000
271 ; 693.856030 ; 0.000002 ; 141.000000
272 ; 696.521907 ; 0.000001 ; 141.000000
273 ; 699.120282 ; 0.000001 ; 141.000000
274 ; 701.721695 ; 0.000002 ; 141.000000
275 ; 704.330627 ; 0.000001 ; 142.000000
276 ; 706.628266 ; 0.000001 ; 142.000000
277 ; 709.315784 ; 0.000001 ; 142.000000
278 ; 711.901934 ; 0.000001 ; 142.000000
279 ; 714.488659 ; 0.000001 ; 142.000000
280 ; 717.065754 ; 0.000001 ; 143.000000
281 ; 719.433184 ; 0.000001 ; 143.000000
282 ; 722.260474 ; 0.000001 ; 143.000000
283 ; 724.597351 ; 0.000001 ; 143.000000
284 ; 727.308314 ; 0.000002 ; 143.000000
285 ; 729.827296 ; 0.000001 ; 143.000000
286 ; 732.488023 ; 0.000002 ; 144.000000
287 ; 735.073412 ; 0.000002 ; 144.000000
288 ; 737.448403 ; 0.000001 ; 144.000000
289 ; 740.104482 ; 0.000002 ; 144.000000
290 ; 742.635125 ; 0.000002 ; 144.000000
291 ; 745.315140 ; 0.000001 ; 145.000000
292 ; 747.901691 ; 0.000001 ; 145.000000
293 ; 750.268580 ; 0.000002 ; 145.000000
294 ; 752.925208 ; 0.000001 ; 145.000000
295 ; 755.456454 ; 0.000002 ; 145.000000
296 ; 758.237994 ; 0.000001 ; 145.000000
297 ; 760.901434 ; 0.000001 ; 146.000000
298 ; 763.495253 ; 0.000001 ; 146.000000
299 ; 766.075106 ; 0.000002 ; 146.000000
300 ; 768.940449 ; 0.000001 ; 146.000000
301 ; 771.456956 ; 0.000002 ; 146.000000
302 ; 774.074021 ; 0.000001 ; 146.000000
303 ; 776.635905 ; 0.000002 ; 147.000000
304 ; 779.051083 ; 0.000001 ; 147.000000
305 ; 781.893776 ; 0.000002 ; 147.000000
306 ; 784.292471 ; 0.000001 ; 147.000000
307 ; 786.927315 ; 0.000001 ; 147.000000
308 ; 789.502468 ; 0.000001 ; 147.000000
309 ; 791.908693 ; 0.000001 ; 147.000000
310 ; 794.651058 ; 0.000001 ; 148.000000
311 ; 797.088923 ; 0.000001 ; 148.000000
312 ; 799.817678 ; 0.000002 ; 148.000000
313 ; 802.268922 ; 0.000001 ; 148.000000
314 ; 804.910076 ; 0.000001 ; 148.000000
315 ; 807.518076 ; 0.000001 ; 148.000000
316 ; 809.846316 ; 0.000001 ; 149.000000
317 ; 812.506811 ; 0.000002 ; 149.000000
318 ; 815.050032 ; 0.000001 ; 149.000000
319 ; 817.698479 ; 0.000002 ; 149.000000
320 ; 820.279637 ; 0.000002 ; 149.000000
321 ; 822.636306 ; 0.000002 ; 149.000000
322 ; 825.478958 ; 0.000001 ; 149.000000
323 ; 827.850776 ; 0.000001 ; 150.000000
324 ; 830.498146 ; 0.000002 ; 150.000000
325 ; 833.049731 ; 0.000002 ; 150.000000
326 ; 835.463179 ; 0.000001 ; 150.000000
327 ; 839.033685 ; 0.000001 ; 150.000000
328 ; 841.698319 ; 0.000001 ; 150.000000
329 ; 844.198682 ; 0.000001 ; 150.000000
330 ; 846.846771 ; 0.000001 ; 151.000000
331 ; 849.440306 ; 0.000001 ; 151.000000
332 ; 851.808082 ; 0.000001 ; 151.000000
333 ; 854.464220 ; 0.000001 ; 151.000000
334 ; 857.292051 ; 0.000001 ; 151.000000
335 ; 859.847056 ; 0.000002 ; 151.000000
336 ; 862.480162 ; 0.000002 ; 151.000000
337 ; 865.011191 ; 0.000002 ; 151.000000
338 ; 867.690664 ; 0.000002 ; 152.000000
339 ; 870.268401 ; 0.000002 ; 152.000000
340 ; 872.893435 ; 0.000002 ; 152.000000
341 ; 875.415860 ; 0.000002 ; 152.000000
342 ; 877.814994 ; 0.000002 ; 152.000000
343 ; 880.511421 ; 0.000002 ; 152.000000
344 ; 882.973389 ; 0.000001 ; 152.000000
345 ; 885.713782 ; 0.000001 ; 152.000000
346 ; 888.190291 ; 0.000001 ; 152.000000
347 ; 890.575674 ; 0.000001 ; 153.000000
348 ; 893.417325 ; 0.000001 ; 153.000000
349 ; 895.831173 ; 0.000001 ; 153.000000
350 ; 898.495209 ; 0.000001 ; 153.000000
351 ; 901.050557 ; 0.000002 ; 153.000000
352 ; 903.417169 ; 0.000002 ; 153.000000
353 ; 906.233344 ; 0.000002 ; 153.000000
354 ; 908.619837 ; 0.000002 ; 153.000000
355 ; 911.300266 ; 0.000002 ; 153.000000
356 ; 913.901786 ; 0.000001 ; 154.000000
357 ; 916.276286 ; 0.000001 ; 154.000000
358 ; 919.073002 ; 0.000001 ; 154.000000
359 ; 921.458485 ; 0.000001 ; 154.000000
360 ; 924.104823 ; 0.000002 ; 154.000000
361 ; 926.676242 ; 0.000002 ; 154.000000
362 ; 929.315499 ; 0.000002 ; 154.000000
363 ; 931.854779 ; 0.000002 ; 154.000000
364 ; 934.206182 ; 0.000001 ; 154.000000
365 ; 936.878473 ; 0.000001 ; 154.000000
366 ; 939.464693 ; 0.000002 ; 154.000000
367 ; 942.057405 ; 0.000002 ; 155.000000
368 ; 944.573091 ; 0.000002 ; 155.000000
369 ; 946.971648 ; 0.000002 ; 155.000000
370 ; 949.472180 ; 0.000002 ; 155.000000
371 ; 951.816299 ; 0.000001 ; 155.000000
372 ; 954.481054 ; 0.000001 ; 155.000000
373 ; 957.074207 ; 0.000002 ; 155.000000
374 ; 959.690918 ; 0.000002 ; 155.000000
375 ; 962.237698 ; 0.000002 ; 155.000000
376 ; 964.674850 ; 0.000001 ; 155.000000
377 ; 967.683182 ; 0.000002 ; 155.000000
378 ; 970.222353 ; 0.000002 ; 156.000000
379 ; 972.940514 ; 0.000001 ; 156.000000
380 ; 975.472200 ; 0.000001 ; 156.000000
381 ; 977.815865 ; 0.000002 ; 156.000000
382 ; 980.487277 ; 0.000002 ; 156.000000
383 ; 983.058271 ; 0.000002 ; 156.000000
384 ; 985.668145 ; 0.000001 ; 156.000000
385 ; 988.206140 ; 0.000001 ; 156.000000
386 ; 990.604867 ; 0.000002 ; 156.000000
387 ; 993.284221 ; 0.000002 ; 156.000000
388 ; 995.808126 ; 0.000001 ; 156.000000
389 ; 998.479921 ; 0.000002 ; 156.000000
390 ; 1001.050546 ; 0.000002 ; 156.000000
391 ; 1003.472137 ; 0.000002 ; 156.000000
392 ; 1006.269104 ; 0.000001 ; 156.000000
393 ; 1008.901722 ; 0.000002 ; 156.000000
394 ; 1011.433432 ; 0.000001 ; 157.000000
395 ; 1014.089023 ; 0.000002 ; 157.000000
396 ; 1016.643968 ; 0.000002 ; 157.000000
397 ; 1019.323942 ; 0.000001 ; 157.000000
398 ; 1021.847992 ; 0.000002 ; 157.000000
399 ; 1024.487529 ; 0.000002 ; 157.000000
400 ; 1027.074069 ; 0.000001 ; 157.000000
401 ; 1029.410019 ; 0.000002 ; 157.000000
402 ; 1032.495658 ; 0.000001 ; 157.000000
403 ; 1035.012035 ; 0.000002 ; 157.000000
404 ; 1037.410171 ; 0.000002 ; 157.000000
405 ; 1040.066508 ; 0.000002 ; 157.000000
406 ; 1042.644269 ; 0.000002 ; 157.000000
407 ; 1045.276312 ; 0.000001 ; 157.000000
408 ; 1047.847874 ; 0.000002 ; 157.000000
409 ; 1050.253187 ; 0.000002 ; 157.000000
410 ; 1053.058034 ; 0.000001 ; 158.000000
411 ; 1055.488899 ; 0.000002 ; 158.000000
412 ; 1058.082012 ; 0.000002 ; 158.000000
413 ; 1060.659619 ; 0.000001 ; 158.000000
414 ; 1063.284398 ; 0.000002 ; 158.000000
415 ; 1066.058401 ; 0.000001 ; 158.000000
416 ; 1068.604939 ; 0.000002 ; 158.000000
417 ; 1071.269253 ; 0.000001 ; 158.000000
418 ; 1073.807758 ; 0.000002 ; 158.000000
419 ; 1076.214205 ; 0.000002 ; 158.000000
420 ; 1078.878548 ; 0.000002 ; 158.000000
421 ; 1081.395231 ; 0.000002 ; 158.000000
422 ; 1084.066066 ; 0.000001 ; 158.000000
423 ; 1086.643942 ; 0.000002 ; 158.000000
424 ; 1089.034279 ; 0.000001 ; 158.000000
425 ; 1091.674922 ; 0.000002 ; 158.000000
426 ; 1094.245653 ; 0.000002 ; 158.000000
427 ; 1096.877861 ; 0.000002 ; 158.000000
428 ; 1099.448347 ; 0.000002 ; 159.000000
429 ; 1102.074040 ; 0.000002 ; 159.000000
430 ; 1104.565412 ; 0.000002 ; 159.000000
431 ; 1107.065605 ; 0.000002 ; 159.000000
432 ; 1109.667021 ; 0.000001 ; 159.000000
433 ; 1112.198872 ; 0.000002 ; 159.000000
434 ; 1114.863758 ; 0.000001 ; 159.000000
435 ; 1117.386614 ; 0.000002 ; 159.000000
436 ; 1119.792450 ; 0.000001 ; 159.000000
437 ; 1122.433159 ; 0.000002 ; 159.000000
438 ; 1125.010837 ; 0.000002 ; 159.000000
439 ; 1127.661102 ; 0.000002 ; 159.000000
440 ; 1130.253591 ; 0.000002 ; 159.000000
441 ; 1132.628476 ; 0.000001 ; 159.000000
442 ; 1135.261054 ; 0.000002 ; 159.000000
443 ; 1137.840202 ; 0.000002 ; 159.000000
444 ; 1140.471862 ; 0.000002 ; 159.000000
445 ; 1143.034906 ; 0.000002 ; 159.000000
446 ; 1145.659873 ; 0.000001 ; 159.000000
447 ; 1148.245927 ; 0.000002 ; 159.000000
448 ; 1150.635933 ; 0.000002 ; 159.000000
449 ; 1153.245426 ; 0.000002 ; 159.000000
450 ; 1155.831918 ; 0.000002 ; 159.000000
451 ; 1158.456408 ; 0.000002 ; 160.000000
452 ; 1160.995946 ; 0.000002 ; 160.000000
453 ; 1163.386605 ; 0.000002 ; 160.000000
454 ; 1166.050788 ; 0.000001 ; 160.000000
455 ; 1168.605298 ; 0.000002 ; 160.000000
456 ; 1171.254278 ; 0.000002 ; 160.000000
457 ; 1173.807795 ; 0.000002 ; 160.000000
458 ; 1176.254504 ; 0.000002 ; 160.000000
459 ; 1179.058609 ; 0.000002 ; 160.000000
460 ; 1181.838708 ; 0.000002 ; 160.000000
461 ; 1184.238044 ; 0.000002 ; 160.000000
462 ; 1186.987908 ; 0.000002 ; 160.000000
463 ; 1189.394536 ; 0.000002 ; 160.000000
464 ; 1192.073966 ; 0.000001 ; 160.000000
465 ; 1194.598462 ; 0.000002 ; 160.000000
466 ; 1197.292442 ; 0.000002 ; 160.000000
467 ; 1199.776860 ; 0.000002 ; 160.000000
468 ; 1202.175813 ; 0.000002 ; 160.000000
469 ; 1204.870421 ; 0.000002 ; 160.000000
470 ; 1207.378601 ; 0.000002 ; 160.000000
471 ; 1210.050894 ; 0.000002 ; 160.000000
472 ; 1212.542375 ; 0.000002 ; 160.000000
473 ; 1215.144205 ; 0.000002 ; 160.000000
474 ; 1217.683721 ; 0.000002 ; 160.000000
475 ; 1220.394189 ; 0.000002 ; 160.000000
476 ; 1222.895008 ; 0.000002 ; 160.000000
477 ; 1225.285168 ; 0.000002 ; 160.000000
478 ; 1227.925362 ; 0.000002 ; 160.000000
479 ; 1230.480598 ; 0.000002 ; 160.000000
480 ; 1233.128505 ; 0.000002 ; 160.000000
481 ; 1235.644103 ; 0.000002 ; 161.000000
482 ; 1238.065873 ; 0.000002 ; 161.000000
483 ; 1240.745909 ; 0.000002 ; 161.000000
484 ; 1243.292741 ; 0.000002 ; 161.000000
485 ; 1245.932707 ; 0.000002 ; 161.000000
486 ; 1248.480523 ; 0.000002 ; 161.000000
487 ; 1251.145736 ; 0.000002 ; 161.000000
488 ; 1253.558053 ; 0.000002 ; 161.000000
489 ; 1256.144609 ; 0.000002 ; 161.000000
490 ; 1258.745889 ; 0.000002 ; 161.000000
491 ; 1261.261074 ; 0.000002 ; 161.000000
492 ; 1263.957091 ; 0.000002 ; 161.000000
493 ; 1266.472783 ; 0.000002 ; 161.000000
494 ; 1268.886547 ; 0.000002 ; 161.000000
495 ; 1271.544599 ; 0.000002 ; 161.000000
496 ; 1274.089319 ; 0.000002 ; 161.000000
497 ; 1276.691325 ; 0.000002 ; 161.000000
498 ; 1279.238466 ; 0.000002 ; 161.000000
499 ; 1281.917910 ; 0.000002 ; 161.000000
500 ; 1284.354624 ; 0.000002 ; 161.000000
501 ; 1286.824071 ; 0.000002 ; 161.000000
502 ; 1289.534419 ; 0.000002 ; 161.000000
503 ; 1292.073971 ; 0.000002 ; 161.000000
504 ; 1294.487615 ; 0.000002 ; 161.000000
505 ; 1297.143739 ; 0.000002 ; 161.000000
506 ; 1299.691113 ; 0.000002 ; 161.000000
507 ; 1302.339442 ; 0.000002 ; 161.000000
508 ; 1304.855488 ; 0.000002 ; 161.000000
509 ; 1307.512209 ; 0.000002 ; 161.000000
510 ; 1310.027208 ; 0.000002 ; 161.000000
511 ; 1312.542896 ; 0.000002 ; 161.000000
512 ; 1315.144265 ; 0.000002 ; 161.000000
513 ; 1317.917346 ; 0.000002 ; 161.000000
514 ; 1320.502967 ; 0.000002 ; 161.000000
515 ; 1323.129094 ; 0.000002 ; 161.000000
516 ; 1325.667853 ; 0.000002 ; 161.000000
517 ; 1328.324018 ; 0.000002 ; 161.000000
518 ; 1330.870858 ; 0.000002 ; 161.000000
519 ; 1333.269207 ; 0.000002 ; 161.000000
520 ; 1336.066223 ; 0.000002 ; 161.000000
521 ; 1338.520304 ; 0.000002 ; 162.000000
522 ; 1341.121377 ; 0.000002 ; 162.000000
523 ; 1343.707363 ; 0.000002 ; 162.000000
524 ; 1346.120877 ; 0.000002 ; 162.000000
525 ; 1348.886644 ; 0.000002 ; 162.000000
526 ; 1351.285261 ; 0.000002 ; 162.000000
527 ; 1353.956214 ; 0.000002 ; 162.000000
528 ; 1356.518829 ; 0.000002 ; 162.000000
529 ; 1359.120569 ; 0.000002 ; 162.000000
530 ; 1361.722362 ; 0.000002 ; 162.000000
531 ; 1364.106927 ; 0.000002 ; 162.000000
532 ; 1366.870276 ; 0.000002 ; 162.000000
533 ; 1369.254280 ; 0.000002 ; 162.000000
534 ; 1371.926603 ; 0.000002 ; 162.000000
535 ; 1374.464754 ; 0.000002 ; 162.000000
536 ; 1377.128226 ; 0.000002 ; 162.000000
537 ; 1379.675947 ; 0.000002 ; 162.000000
538 ; 1382.089323 ; 0.000002 ; 162.000000
539 ; 1384.730858 ; 0.000002 ; 162.000000
540 ; 1387.292718 ; 0.000002 ; 162.000000
541 ; 1389.714634 ; 0.000002 ; 162.000000
542 ; 1392.465037 ; 0.000002 ; 162.000000
543 ; 1394.871823 ; 0.000002 ; 162.000000
544 ; 1397.511320 ; 0.000002 ; 162.000000
545 ; 1400.081648 ; 0.000002 ; 162.000000
546 ; 1402.722834 ; 0.000002 ; 162.000000
547 ; 1405.253245 ; 0.000002 ; 162.000000
548 ; 1407.667627 ; 0.000002 ; 162.000000
549 ; 1410.472710 ; 0.000002 ; 162.000000
550 ; 1413.121120 ; 0.000002 ; 162.000000
551 ; 1415.925700 ; 0.000002 ; 162.000000
552 ; 1418.440923 ; 0.000002 ; 162.000000
553 ; 1420.839360 ; 0.000002 ; 162.000000
554 ; 1423.527017 ; 0.000002 ; 162.000000
555 ; 1426.104762 ; 0.000002 ; 162.000000
556 ; 1428.722312 ; 0.000002 ; 162.000000
557 ; 1431.276756 ; 0.000002 ; 162.000000
558 ; 1433.690572 ; 0.000002 ; 162.000000
559 ; 1436.316051 ; 0.000002 ; 162.000000
560 ; 1438.878463 ; 0.000002 ; 162.000000
561 ; 1441.511454 ; 0.000002 ; 162.000000
562 ; 1444.120263 ; 0.000002 ; 162.000000
563 ; 1446.534582 ; 0.000002 ; 162.000000
564 ; 1449.112402 ; 0.000002 ; 162.000000
565 ; 1451.698494 ; 0.000002 ; 162.000000
566 ; 1454.309007 ; 0.000002 ; 162.000000
567 ; 1456.847114 ; 0.000002 ; 162.000000
568 ; 1459.519163 ; 0.000002 ; 162.000000
569 ; 1462.034347 ; 0.000002 ; 162.000000
570 ; 1464.433561 ; 0.000002 ; 162.000000
571 ; 1467.112779 ; 0.000002 ; 162.000000
572 ; 1469.706454 ; 0.000002 ; 162.000000
573 ; 1472.307651 ; 0.000002 ; 162.000000
574 ; 1474.901686 ; 0.000002 ; 162.000000
575 ; 1477.308006 ; 0.000002 ; 162.000000
576 ; 1479.909301 ; 0.000002 ; 162.000000
577 ; 1482.402265 ; 0.000002 ; 162.000000
578 ; 1485.112893 ; 0.000002 ; 162.000000
579 ; 1487.715239 ; 0.000002 ; 162.000000
580 ; 1490.097020 ; 0.000002 ; 162.000000
581 ; 1492.823889 ; 0.000002 ; 162.000000
582 ; 1495.237938 ; 0.000002 ; 162.000000
583 ; 1497.901381 ; 0.000002 ; 162.000000
584 ; 1500.425450 ; 0.000002 ; 162.000000
585 ; 1503.105042 ; 0.000002 ; 162.000000
586 ; 1505.636114 ; 0.000002 ; 162.000000
587 ; 1508.026582 ; 0.000002 ; 162.000000
588 ; 1510.699198 ; 0.000002 ; 162.000000
589 ; 1513.284799 ; 0.000002 ; 162.000000
590 ; 1515.933134 ; 0.000002 ; 162.000000
591 ; 1518.463198 ; 0.000002 ; 162.000000
592 ; 1520.846586 ; 0.000002 ; 162.000000
593 ; 1523.573618 ; 0.000002 ; 162.000000
594 ; 1526.018990 ; 0.000002 ; 162.000000
595 ; 1528.823066 ; 0.000002 ; 162.000000
596 ; 1531.901631 ; 0.000002 ; 162.000000
597 ; 1534.432325 ; 0.000002 ; 162.000000
598 ; 1537.110785 ; 0.000002 ; 162.000000
599 ; 1539.589214 ; 0.000002 ; 162.000000
600 ; 1542.002877 ; 0.000002 ; 162.000000
601 ; 1544.674417 ; 0.000002 ; 162.000000
602 ; 1547.237071 ; 0.000002 ; 162.000000
603 ; 1549.845846 ; 0.000002 ; 162.000000
604 ; 1552.412041 ; 0.000002 ; 162.000000
605 ; 1554.817725 ; 0.000002 ; 162.000000
606 ; 1557.463413 ; 0.000002 ; 162.000000
607 ; 1560.058271 ; 0.000002 ; 162.000000
608 ; 1562.705868 ; 0.000002 ; 162.000000
609 ; 1565.276355 ; 0.000002 ; 162.000000
610 ; 1567.604333 ; 0.000002 ; 162.000000
611 ; 1570.042084 ; 0.000002 ; 162.000000
612 ; 1572.675252 ; 0.000002 ; 162.000000
613 ; 1575.212695 ; 0.000002 ; 162.000000
614 ; 1577.635474 ; 0.000002 ; 162.000000
615 ; 1580.299788 ; 0.000002 ; 162.000000
616 ; 1582.768494 ; 0.000002 ; 162.000000
617 ; 1585.511438 ; 0.000002 ; 162.000000
618 ; 1588.292221 ; 0.000002 ; 162.000000
619 ; 1590.831738 ; 0.000002 ; 162.000000
620 ; 1593.487174 ; 0.000002 ; 162.000000
621 ; 1596.002357 ; 0.000002 ; 162.000000
622 ; 1598.432966 ; 0.000002 ; 162.000000
623 ; 1601.276952 ; 0.000002 ; 162.000000
624 ; 1604.073588 ; 0.000002 ; 162.000000
625 ; 1606.479263 ; 0.000002 ; 162.000000
626 ; 1609.252088 ; 0.000002 ; 162.000000
627 ; 1611.870495 ; 0.000002 ; 162.000000
628 ; 1614.807871 ; 0.000002 ; 162.000000
629 ; 1617.480821 ; 0.000002 ; 162.000000
630 ; 1619.994545 ; 0.000002 ; 162.000000
631 ; 1622.830964 ; 0.000002 ; 162.000000
632 ; 1625.471453 ; 0.000002 ; 162.000000
633 ; 1627.991336 ; 0.000002 ; 162.000000
634 ; 1630.823170 ; 0.000002 ; 162.000000
635 ; 1633.463519 ; 0.000002 ; 162.000000
636 ; 1636.011199 ; 0.000002 ; 162.000000
637 ; 1638.682030 ; 0.000002 ; 162.000000
638 ; 1641.224495 ; 0.000002 ; 162.000000
639 ; 1643.588699 ; 0.000002 ; 162.000000
640 ; 1646.065739 ; 0.000002 ; 162.000000
641 ; 1648.431917 ; 0.000002 ; 162.000000
642 ; 1651.096434 ; 0.000002 ; 162.000000
643 ; 1653.889313 ; 0.000002 ; 162.000000
644 ; 1656.691700 ; 0.000002 ; 162.000000
645 ; 1659.189588 ; 0.000002 ; 162.000000
646 ; 1661.605203 ; 0.000002 ; 162.000000
647 ; 1664.392806 ; 0.000002 ; 162.000000
648 ; 1666.815332 ; 0.000002 ; 162.000000
649 ; 1669.471185 ; 0.000002 ; 162.000000
650 ; 1672.261411 ; 0.000002 ; 162.000000
651 ; 1674.814659 ; 0.000002 ; 162.000000
652 ; 1677.462820 ; 0.000002 ; 162.000000
653 ; 1680.275223 ; 0.000002 ; 162.000000
654 ; 1682.806640 ; 0.000002 ; 162.000000
655 ; 1685.471237 ; 0.000002 ; 162.000000
656 ; 1688.049071 ; 0.000002 ; 162.000000
657 ; 1690.447067 ; 0.000002 ; 162.000000
658 ; 1693.244334 ; 0.000002 ; 162.000000
659 ; 1695.884883 ; 0.000002 ; 162.000000
660 ; 1698.681476 ; 0.000002 ; 162.000000
661 ; 1701.478491 ; 0.000002 ; 162.000000
662 ; 1704.275371 ; 0.000002 ; 162.000000
663 ; 1706.791216 ; 0.000002 ; 162.000000
664 ; 1709.587992 ; 0.000002 ; 162.000000
665 ; 1712.001966 ; 0.000002 ; 162.000000
666 ; 1714.674298 ; 0.000002 ; 162.000000
667 ; 1717.181416 ; 0.000002 ; 162.000000
668 ; 1719.861007 ; 0.000002 ; 162.000000
669 ; 1722.392729 ; 0.000002 ; 162.000000
670 ; 1724.798236 ; 0.000002 ; 162.000000
671 ; 1727.603542 ; 0.000002 ; 162.000000
672 ; 1730.041034 ; 0.000002 ; 162.000000
673 ; 1732.681242 ; 0.000002 ; 162.000000
674 ; 1735.254647 ; 0.000002 ; 162.000000
675 ; 1737.651675 ; 0.000002 ; 162.000000
676 ; 1740.268067 ; 0.000002 ; 162.000000
677 ; 1742.798597 ; 0.000002 ; 162.000000
678 ; 1745.479903 ; 0.000002 ; 162.000000
679 ; 1748.009887 ; 0.000002 ; 162.000000
680 ; 1750.423157 ; 0.000002 ; 162.000000
681 ; 1753.181787 ; 0.000002 ; 162.000000
682 ; 1755.595977 ; 0.000002 ; 162.000000
